1000 1000
102551 591219 -936755
-23063 -934159 -846759
-664701 -877461 454075
-501211 -663407 158071
-211277 898815 -780629
945761 532527 785217
-786399 556937 70217
-553941 564667 -817419
-762279 -218693 -192617
-674887 -888885 264275
-901365 213665 -144505
194583 223305 954039
-619473 558603 -923423
834603 90095 445873
-974623 878819 344687
-755253 824579 909919
62667 70883 466855
-867117 516941 31521
348167 -212633 -154467
188253 112479 -43353
-547471 -756183 -829687
-659273 438399 393617
-705235 -148369 984925
404047 -313767 75019
-150081 -288391 986541
227311 989059 -156177
137229 51725 914707
636787 -782689 -535649
701011 -401817 251717
-453457 786435 -635803
503191 -761037 -391987
-293793 612393 79117
132527 907159 930747
-849845 -656091 649683
225175 -773469 393995
-755581 453841 383053
88243 623773 467481
2949 -706737 -282505
467299 994275 315677
751721 573521 -865183
-884083 -890585 406483
756633 -184379 18877
-164251 -19147 958739
799199 131007 -697353
448881 388885 561881
-157125 633305 15723
258631 -278453 672199
758815 -242801 965463
-523689 257201 -7559
-175309 8921 -434039
-40493 -842459 -324623
398695 914175 -476299
450275 -250077 504553
409013 581827 -364439
-255637 30707 -975555
-693757 873583 657749
-645331 -835083 411999
-973131 923733 -830803
25035 -599957 -540897
-982525 -742563 468023
-416565 -750351 625565
-708485 648343 -427557
-184783 98617 322365
-680231 540333 936895
-44671 -715305 -32397
-987521 623641 873889
-297069 11015 -961195
-885069 37883 962537
316831 95621 -637421
775933 113095 -379983
-723339 -270767 902369
-65071 20749 550711
507371 -131331 682031
862439 188437 222363
799335 176471 -460239
-233063 188949 196105
-359175 -75417 -792881
712333 39513 -722295
674871 -643655 373325
70153 164981 519123
-277127 441641 -751643
-374759 -623431 -698191
-824049 883939 170477
-109315 -220917 391617
-886953 -421583 600791
685511 345353 822443
-118383 18881 -252973
88735 -268787 786539
366441 438787 175587
772469 -491059 373273
291593 231813 -185087
-427347 857055 -775813
907165 65709 140829
77641 956395 919911
501961 102145 -501673
102753 -212343 -123617
-74805 -298023 -72033
-295075 790711 -308115
-508535 -810145 -869329
-300245 962325 -360389
-926973 -713379 -95871
920645 -140727 793887
-855169 -233563 -140405
-681637 -123219 848693
270979 411445 983543
-197991 -485803 803903
-288903 -527903 -494121
639063 177021 329293
-669053 -298811 -448147
494323 400945 -485823
166637 -493325 833501
-929235 -572681 -307227
864651 604853 459209
756951 923217 368693
-361653 194195 -219863
-378111 996203 -672961
-574209 -292701 -200865
964373 379067 8859
-673629 -257283 -257247
-121777 -762961 176401
-574897 403677 683075
-741397 -492855 -889605
984079 -628203 715247
-524009 -871253 -328833
844683 799797 865361
-375181 -578313 -105731
984561 880181 -365729
816399 -122741 -986663
-174741 203629 788759
-399285 114555 -974203
777115 539657 -537823
460189 -169037 -997973
-396713 -184959 -626177
-681465 291031 535273
-10299 -831583 335069
887767 825939 -210541
814739 810501 -330359
-550991 626899 -420397
495051 484861 783231
-683487 -914425 -102215
375013 862689 470145
837191 -644417 333811
-128079 -41131 181555
245743 -689893 505289
813719 -667487 673705
-818509 -779721 499643
-29049 67721 -657153
-326705 -450567 969747
252897 77187 454607
-931169 393699 -427113
999319 -231287 -564425
-497833 638607 -208843
835977 -489473 -217269
17531 -211027 92837
-477181 -397309 425349
229227 816885 -321669
761573 820539 746051
-895579 -506167 -704515
-925833 -220567 -594625
-438523 880967 799075
134363 880285 -432213
-397357 -617549 -793607
-573497 251131 -283081
209233 301365 505891
334775 -143113 141285
-239877 -913887 990873
438455 847687 811413
-782791 -15189 337949
545397 -908319 -882617
950773 -346843 998349
749847 -179775 -88661
350337 -544429 293789
556729 -117927 577625
306351 124011 -121011
844945 -541215 -231419
-981067 218907 -145307
-990195 690065 735083
821217 907275 752597
159167 452671 844277
-690747 403443 -502565
340305 -814007 -649637
-748357 536329 -194067
-421863 -874239 -279291
-844239 -535185 844719
-932547 342463 336207
-163967 -605901 -444885
-276569 -596095 277883
491217 257825 185157
243815 449695 670533
-879205 758947 -893321
-381771 -868043 325377
-998705 -616401 -138295
-192773 994439 -979829
527937 182903 517689
-594641 -716939 -139847
741567 119093 254251
329385 -124773 -309141
-392733 399149 948685
-174871 675667 398379
528365 796461 -809969
635043 447395 354691
-39581 448689 -229007
-145171 288621 -234567
907703 849261 948335
425391 -745381 -768605
-714457 28889 -616807
-427501 -641727 -708877
263357 998245 690271
-755255 856077 365937
-324171 384441 -804897
898563 19483 642497
253253 12607 91185
-975755 867435 -620195
822381 -192159 -770935
770717 -766769 516389
34815 551479 -454723
-549289 -876023 936255
-258165 -579963 934499
464809 697487 790575
863451 -626685 175015
-941447 304581 227201
701049 -442167 -760193
824937 614781 139945
237447 437163 947785
466511 -759417 213721
-984397 -691899 -234801
-439119 -241187 921879
-502865 -466649 -658085
464337 998159 72105
254911 -105687 -521877
462629 -47135 782703
-310171 686617 373239
962341 511555 -979275
-865011 -250999 457887
115479 248215 698469
-670801 263819 39273
94397 824699 798085
16275 354537 -668565
-609107 -181127 362299
462999 106487 -743389
-26175 601819 -757819
-243471 -708353 928797
162471 286691 440351
183195 421681 222055
673785 569863 -529729
-595043 899061 734089
444231 -6543 -408509
242315 -990269 -21269
-393545 433327 -169693
1457 -103675 936793
258067 870151 538611
-467049 659383 -137039
-538251 -178147 182357
-65197 37753 636741
-843141 -288463 206603
-372871 116495 105663
393921 -439275 -900881
18115 -164257 141553
996845 -525099 -425121
-172849 476357 -496091
796647 767129 406763
-632039 -699921 -901151
-736375 -238173 953405
445981 -270665 -8843
-884575 -113807 -264601
322027 -453975 -115403
460393 -27351 445321
-407785 990763 313767
-233529 20311 788669
-625945 -119835 -702271
-122037 -323189 -935143
317429 -922525 397641
416277 -658901 192171
-597615 -180215 921505
393543 -64791 -192303
161645 289941 -613575
-953759 -249667 359073
-475735 -624747 349835
838031 141723 402849
-340597 515777 -716987
-42867 426443 992527
-945307 776575 -929999
452333 -774445 443805
-355495 -372059 296293
-433991 54187 264205
-593589 -784169 586849
-207165 -737929 369887
-848091 -213665 745139
-465553 657069 -113139
937297 349177 435343
253013 339013 -138215
245541 393705 671065
-651755 878743 896619
-175247 555951 -475441
153749 154663 578745
-582045 -406223 -172721
-995197 386613 89349
374689 -428775 -91613
119827 -861625 598161
39393 108375 980041
-525265 394093 319053
-630777 -360367 745461
-959713 -979419 -343093
936907 878039 -787143
494169 31787 -599775
-894381 449741 -5999
-67103 -512751 413317
54951 -105359 984541
963337 47173 155621
-405799 -913435 -736005
-425759 594003 658087
-74003 -4071 330423
-328541 -931079 -616291
328365 38531 -738253
-426073 -467301 -673763
-25849 -361683 -191317
968151 -396081 295931
381469 658869 -809429
-601287 -345091 237743
554333 249111 -642989
-148967 -143945 -16283
541823 782053 12351
904951 486215 81271
321363 -185421 -880199
-384187 388505 685203
-57951 395359 356225
750731 363511 960143
-920635 777683 -348285
302641 -823605 306623
573087 -236567 588437
-37197 -352831 477197
946519 221695 259249
-41131 126645 778167
72843 -551993 -407255
-774653 -903477 13955
910551 38573 -590687
-700521 822007 -194473
292325 -65923 615913
944039 269421 -174987
-716635 -157493 588445
871803 -161987 268317
348999 -215467 -509989
640951 -223895 -350639
419117 -118347 -869929
44565 106999 -773405
91223 -949747 265167
-466759 -650269 -880123
338767 642055 53953
-45319 -381203 -676627
-187603 -97837 -801415
-599159 -226035 36597
-298139 155667 -146167
191871 829321 -337357
-126065 -718859 544295
4007 325705 -348707
230601 -583071 -298453
528471 -49831 -916019
-318949 321639 726037
735005 309023 377537
91081 -878581 -720301
-677631 554963 53663
358967 -743177 242033
245503 -518601 71353
908145 -611963 352493
-514857 392043 710903
-830859 655347 160535
903391 -783479 143407
987371 -102427 -534955
-253889 665281 -193227
-876351 789065 960895
-596653 -888565 515859
-510285 -496895 -194615
-235549 748607 -680513
-131491 -310543 -292475
253705 174599 132271
-35393 -623557 -212381
157845 -720167 -963157
-698749 -732795 967119
799001 -953981 -334897
638477 202371 -545831
599371 -361577 598307
115229 128137 -898589
-46681 -74709 -117279
272805 793799 572177
980329 47505 779481
-854695 44815 -844077
965627 -797339 468461
-997531 536615 -231631
969589 -631681 -185613
-365309 -993205 -983241
-878437 606167 687885
719869 754099 -183979
-146017 -292583 -225985
736705 980223 -432185
-658415 -6745 -351977
153769 138559 -274459
-657603 104185 960905
810857 -860641 497521
-420775 141651 -101457
393611 -190955 -94661
-556927 963313 -488495
-869043 683181 -734397
979681 569869 -26979
786401 -660723 985947
-645785 -319139 -988095
-965059 -132665 150465
-239519 209731 287353
754091 20587 -540585
-715685 599811 -366231
182857 -973875 442815
-911805 501903 406127
-400301 632859 -877989
898007 -354755 -275417
903731 -568355 63859
889677 818563 -222575
-65715 -113793 644759
-915251 -320609 -145511
-595193 -566519 875075
896925 -282205 -492411
-469305 900653 -466287
6213 988847 -964385
445043 621251 -298821
567053 -448039 -620873
324341 -544309 843475
-611801 378071 662037
165623 -687645 580947
-189619 429809 -739663
664869 -132681 -306181
-427353 -235757 411613
80235 -672359 -655031
-353347 333853 366521
714971 -221105 -12229
448853 378653 -427565
827979 -297007 28125
-295843 91191 438899
-633807 -743185 751253
947139 -900101 -786235
240181 -202527 81083
933999 -597177 -121969
-621685 -484237 205671
-276715 162415 -460475
-910195 910089 -648877
-889721 358943 729775
-317287 -780375 -567233
710837 -76217 -443337
-817561 -677321 846181
-33605 302523 946079
180161 -457297 776255
293947 -523299 -820921
204681 -144985 -305159
-589647 -388997 -110041
982581 -299193 -199953
-666297 -188915 191693
-936521 -473499 411319
528949 270041 367805
-914389 452479 -276813
931791 -581125 -974291
877871 -368261 -431589
654125 -41611 -922185
-134093 -836929 965535
560747 -426577 609241
-549295 588707 -689951
-716543 922409 -846163
475149 18591 -319661
919171 -452459 950379
286975 -366849 -564437
-989837 597647 -145563
68575 -491779 -481121
-330309 195049 477267
-252495 -939043 640337
745743 621703 246463
354985 105113 -164831
-302263 388569 790283
884277 896421 -191127
-435385 815593 -610883
547699 -864729 -945027
983261 178137 652619
870401 -753287 -839161
-610721 -83597 -611409
-100751 -303389 -550453
572291 475059 103955
851457 862747 -790933
-313373 -439517 -369661
509613 -555241 559463
351189 -957921 375055
740307 589777 -456969
795279 -394259 721167
-519399 -523859 967879
674143 898123 916985
-937267 830075 646301
-487719 402365 121359
-351061 253823 -15895
-141995 -26847 -422709
-478953 515469 -945247
-919491 -133343 -903169
-511731 -393037 -280689
31299 434945 -642245
-247535 -51751 -166105
753049 -377609 764721
-297263 -314875 -372499
-650963 -769891 62569
470395 -120953 349095
487203 -230245 354951
97197 290801 -129581
151951 -595987 737077
-718515 -107719 376743
797 -43717 844393
358551 708749 -207359
225151 -505499 415033
-977425 197237 132861
682779 546275 -604327
-254651 -950627 274719
-905557 -430719 77177
-517901 666477 -632023
352517 851131 804693
-877703 -867383 729679
499041 -833883 -314039
-623863 -442629 -605291
168777 -184775 921913
616513 -162199 119151
782077 553283 -334575
-822251 -701369 747501
-514829 425779 -683219
562347 907877 15963
930323 -706903 -132907
-232279 -584605 -967587
-502601 -52861 -801471
183359 323275 788605
-389227 524755 -396171
-467315 -826027 -525667
651835 956049 -972383
349963 -866201 358951
97465 -381031 -215271
-553051 214021 725309
-504385 -822953 -981593
362709 -55233 -566199
-572175 442165 -586357
-373645 658229 736917
-585041 -730999 -705625
-948509 -198315 -531653
-474175 486225 457101
-446559 -163813 -376397
912391 -33645 -724725
729825 -553991 489295
455133 -58377 666343
473539 337035 -388891
-59957 764861 85979
353685 423919 -255793
-876695 -128419 -954089
-582319 -76929 -152405
918731 -518401 366523
375831 35039 -797289
32137 980135 -798231
307413 709959 680481
-203293 -802205 654809
-536951 671335 -8157
-893137 644081 789407
192841 -969529 -753971
937047 -846225 -849687
982957 604159 -893911
863255 -444405 -412313
229779 -35871 -344569
-534807 996267 -364435
699665 303679 378227
380147 -899615 576021
34955 596139 -719941
59501 703001 924141
-151091 -104159 954611
-872359 865591 141089
-722045 -118749 777953
-615957 777209 -666453
-28271 6987 297675
-340137 -495117 293941
-671869 -795451 -402381
706357 -382601 730709
-684917 652353 326847
-404859 -288147 29847
551985 -406535 925687
-460701 -278893 -176019
-286907 -968235 705231
-508955 -584193 482439
-175409 -579761 522131
-877735 -887193 -972987
416207 -559063 264265
46529 -852705 881663
-222763 -537623 -433281
136787 -909779 -688723
-833367 -325089 -95259
125023 214209 -341449
949003 927301 723019
-313063 451049 171529
202081 -724361 591769
-275789 -602095 -262721
783927 -153185 178215
48193 -73953 -641787
962559 -264011 -179411
-470721 872775 943515
-159445 -960591 651129
-222001 -802865 898041
-530745 -853861 825343
-807727 865779 -690905
363803 67859 -415265
988275 -175227 -984657
-274447 -391299 -137843
903767 -310403 -179093
-738019 -347845 556895
-884727 181433 429671
91491 54691 -498217
-257381 832691 -301083
-359339 -698055 877759
498707 526921 743539
807801 -109277 -188603
-607465 911701 -331125
-592123 -362747 277575
-697263 573725 967171
123645 -131591 652029
713243 -983615 866167
142913 107877 -79143
644695 850495 786251
-656387 523859 120899
-778629 22565 -352179
-2387 863071 -428753
-158285 288309 515653
510589 -271109 -847095
-211837 31627 -240667
788037 187975 627741
440065 -98781 644127
-661065 76835 784707
259793 -278469 -332095
46043 -902153 -808235
-833057 351921 -752967
847467 -650465 -889897
451417 -776047 -568883
-32931 734541 160007
-847321 555407 224337
-87989 343443 -587687
572457 816211 -653765
-750713 -844853 423069
-966007 -552357 177303
-298103 493685 -692147
926365 -306669 -307521
-826601 573501 42013
316205 24919 265965
747321 24691 -966791
940031 177369 588615
164369 -910619 -67943
-390615 -305459 780971
-44381 -56173 -31179
411391 -989477 416463
621399 -287581 942853
929251 671489 -363817
-378271 844887 242389
-303555 -806205 300011
-4887 -26179 -675299
28321 946555 502071
-383065 110923 -375845
-418305 720307 -648601
-637333 708629 295225
331487 120021 -661549
780655 -258581 50869
723507 703373 -277643
392393 357807 599947
-365219 -945749 -173553
-32505 -917931 -167029
292197 110389 -220475
826971 -239971 890449
483829 -625573 -356541
835227 769797 -647911
-836845 -866011 -495187
-498395 914643 246231
-414823 638149 982307
-659761 30541 340113
-27111 -301973 -572931
-167961 665521 -490863
665009 990421 -347771
477239 -149905 412257
-599609 -666077 786685
43849 201853 556481
395937 -602289 -276827
900749 -100685 -362185
-820317 -482803 -724037
194695 890139 -660791
-465193 -136973 37235
-38125 695067 735459
-496285 -607221 725881
155945 870017 608679
600905 -729593 942603
-579707 -653039 -822841
9479 -224399 -425129
732651 -323649 -493111
-629533 888737 -943211
679133 83431 946927
-981659 -349057 -190045
-911721 -354479 537725
-143557 149237 -36793
615027 337885 865929
223705 971493 169039
-800989 -608213 515999
-623829 -566031 -708399
983745 199323 -999345
-509367 -397507 -77905
-452577 -718373 -994473
-505651 332671 689173
-662993 -546345 -665307
-92565 310097 483929
-96653 957827 854517
801979 181531 826011
-28983 380543 250501
519721 -210583 -282827
-155975 -226839 916495
877383 263793 -481011
-200523 -156081 833319
837707 -629027 165989
526879 740683 -347653
-105723 -351881 -4853
410909 -415831 -47027
265427 -613853 -865495
-875859 357163 -452249
374641 909587 337167
-908187 786315 -889673
41011 663697 -593177
559999 495879 250743
393317 -633711 621715
592011 -74127 362397
277061 820149 43219
-727791 231057 627387
225181 -503517 46237
-607611 -379377 436105
-59861 27967 345691
-722695 -847517 132007
420335 193495 828407
827159 786197 324285
77901 -787781 -276721
732319 -163067 649151
-872581 -886007 469299
-796657 -613799 -299645
830729 -355913 -770457
909671 36475 -149835
345775 976615 -89163
-308535 286623 -903977
-143825 -293041 289517
717287 566821 -891581
-925725 677425 -679363
-202447 409743 157569
-553297 -430135 271561
-51295 -226793 -309533
649061 636641 334553
878603 546311 403731
761471 -107915 -586951
705011 -383747 699673
801035 -494867 439335
-876745 -777581 6155
-768327 329397 -316421
-447691 -873049 126025
-257419 606357 -271407
46847 -444937 501801
-229983 236827 138441
137273 115429 -315249
-458997 909603 -390461
-45947 614615 -741505
686429 415649 -236373
125763 538903 -981251
164621 -196719 348147
-119097 355589 -492199
-993073 130875 146861
-264481 210425 701923
270023 980441 971453
-591537 117713 -880415
-874083 658715 -970811
768159 645471 -323493
-973345 331899 -907845
-209719 -542339 -336239
841735 -345015 467041
189881 535887 855335
-269615 542813 -981087
877245 311037 229337
-388127 -418941 209777
-416675 -977773 -672511
735615 180847 18907
764803 -50993 -335621
-558691 -24339 28981
566167 -201355 -480653
262631 -359621 174331
762377 -137037 -289781
617711 -373949 285735
-330673 536001 629475
898663 180577 -789465
-858857 -203395 265465
501335 -467781 -553689
-479759 -702979 395317
-782677 771033 403681
246305 337199 235031
-201645 632535 875409
972685 394911 771077
715607 -954675 429831
1343 -285349 -34169
-369183 -386687 -853593
874055 -245545 975717
139519 -744211 -492065
585831 808733 837661
-986149 58761 608693
417533 337769 978597
-347437 -863877 611131
560675 -891193 6041
-635545 824415 51365
794287 858461 -201281
792821 -510723 412031
-28067 -636667 199189
-52351 -464445 -512319
-511713 -878615 329117
-674053 -864763 -612123
934641 -414527 725645
913237 -729261 -105529
-442929 831413 -964017
-404185 228573 -106899
-320117 -944437 -248439
478601 -118913 -726459
923335 853019 669577
122523 833371 -794867
-357093 -678341 359221
972023 -352395 -472839
-640099 614949 112633
118249 -439111 383371
-987279 117959 -752511
-951297 -253523 -491235
974507 426359 -435673
-273933 -95041 445413
-967689 860997 -668863
701889 -16481 197211
-60275 -340871 -448427
-701055 -368847 -768117
-173893 -976243 846831
938739 142005 440425
-645185 -812571 591087
635007 268835 -662435
-856229 243341 763923
740801 969407 701587
-781083 34423 -404713
-449947 -263689 578807
-220031 676035 270639
331541 974979 901791
563423 833789 925547
-557041 -194767 -899743
883383 160047 -712315
474469 827757 556521
-155263 4231 -200139
641365 -254969 801973
342951 -36053 -163605
-29059 -453295 -394591
582451 326673 -718557
-146909 690917 289125
-245119 -712955 122915
713133 762707 928147
813389 646089 -879103
-898927 -846739 948653
-309703 -2001 -47117
-477137 -360637 -269383
357539 15017 694563
226637 985957 273971
832045 568409 633347
146191 -578501 -643031
-564685 -790917 -355987
-409067 922215 -593281
551783 735603 85511
672679 -130619 238771
-345965 -407619 269473
-360379 115243 908835
-597059 505485 956555
-902495 -267879 -24783
-595821 -435835 -456375
-962473 710355 997827
-605505 178375 -793091
-928789 -197989 161829
510633 -646205 930135
-403857 59177 832219
-132383 -254083 -575399
-862909 385537 -427453
78629 -178817 -921967
-932111 951391 -189847
43105 -644431 -592977
-380567 425799 -882623
-382741 -147003 -671545
856871 -75793 130467
18699 467543 -483035
-51165 -936315 576141
-218947 964007 354761
-761643 133801 773003
-189095 245133 -405815
-111063 313021 -454425
699089 388829 -98857
-893889 -991739 -673057
256193 -374481 -787357
-382649 515095 -830445
-219479 -466207 637097
-669811 -484669 -266513
-60965 -670911 -302507
-706205 -432555 -136003
-933203 378349 -890871
-339019 -732715 -545145
206555 -921 843683
-892301 -862107 851945
467345 -573211 510167
679987 -923155 25261
-117755 890069 -408241
-480657 -779741 107089
252829 159293 436177
-16975 453087 -996377
847021 519885 -585325
-11147 -819135 714665
443707 387421 746447
-679905 -472177 884339
-827961 27871 343833
-285091 740561 420677
-227125 -377193 310745
364633 142149 -436293
504425 427681 722999
973307 -589295 176087
976929 290429 -304029
424307 -720719 909539
138971 -244307 -670337
-114583 75787 890189
802461 -719471 -81941
146293 -4563 691325
599673 768311 -685869
943121 -834353 -511017
-493171 670073 916663
-770173 643379 360071
-561383 -346989 683203
-832709 -922683 962483
109535 -751007 -281825
439197 134409 -173335
329387 -63131 107193
280149 115865 -897369
-28527 748241 -96355
285603 691363 69293
-192711 230895 772069
756655 -506575 -551849
116725 -67957 101161
-200073 -867963 -788819
795115 241571 -539827
545993 -319231 -372713
-627341 42859 -403141
479851 -676993 712725
-384815 -672815 -506331
-448465 -354509 217735
-346469 452781 -551371
-574401 209435 974759
-126251 358865 939505
7613 -841209 -928459
218793 -13391 -654183
678967 -467397 -940711
338957 937965 102147
935815 417815 -542143
-318757 65705 817745
174913 -350057 -536763
425351 303473 916017
-93315 729071 -841845
-118557 635523 517019
-179053 -356865 -291485
925191 861927 695123
-728993 -426403 -772275
362999 912553 -834311
497849 -118927 -383791
-11589 562315 -285383
-193845 769931 364559
269391 195283 -331969
-781889 -898033 429805
-623733 -983887 65327
893285 -162941 708461
-398201 794953 -396909
-703077 98665 -790607
557351 -538337 154649
723041 959513 -964279
371953 -52077 -369259
-913431 -213219 -599329
451127 -943827 -371343
-880843 -725717 -269377
548961 -349451 -253265
646991 576539 -383503
355451 211041 444155
-8755 -459333 -457181
200637 -901981 -962815
387991 821059 29401
-543585 -774285 10027
87155 -687717 796809
-479469 763409 852981
149187 -84731 159967
-87485 496933 -156779
-308047 143923 -580241
308451 532077 -336497
785309 -476679 204171
-671873 -243337 302189
398015 177357 -844049
-572583 633771 -618335
437443 -279073 726651
-733045 241457 490059
-880065 423347 438031
-687393 -664139 967667
155827 27815 111589
-391711 368969 -356335
