100 9900
15 54
3 28
86 32
12 31
51 68
40 8
17 30
4 80
91 100
27 41
30 33
65 83
62 16
76 74
24 39
44 41
69 38
70 47
29 6
25 81
40 79
60 64
43 8
60 64
56 33
17 86
21 37
52 33
7 82
20 80
20 82
20 64
62 40
45 41
73 42
73 70
85 65
24 32
95 28
12 83
69 2
39 81
13 41
22 90
69 71
53 94
9 41
80 72
64 22
63 25
46 88
52 87
19 30
9 76
58 65
67 73
53 78
18 5
46 65
36 92
37 15
55 40
63 45
18 86
62 26
13 32
19 7
89 17
92 37
53 49
21 1
31 19
23 73
90 48
91 69
35 77
68 27
23 41
26 30
55 92
24 88
46 19
35 42
30 86
35 78
79 82
1 7
80 9
8 75
95 21
49 51
29 81
73 16
45 52
95 99
38 51
21 18
11 35
21 56
85 40
74 7
13 15
75 26
100 44
64 83
85 47
27 64
31 13
16 52
2 27
77 11
28 39
25 98
5 91
82 97
3 89
56 55
80 16
59 30
64 32
78 75
38 48
61 56
7 69
47 76
86 60
50 24
73 66
8 75
71 29
69 89
44 74
89 24
54 23
54 47
73 17
65 83
91 11
31 25
52 49
9 77
52 90
7 58
32 76
4 14
2 55
28 25
48 45
20 68
66 1
70 25
8 39
1 34
10 50
98 83
11 13
2 58
16 15
90 8
21 99
5 46
70 75
19 84
51 69
22 90
15 69
59 91
76 74
23 59
93 37
1 72
30 3
17 3
62 97
47 59
56 35
9 52
35 77
45 79
69 38
6 18
60 83
56 16
26 87
23 30
1 18
20 24
78 82
78 89
99 91
25 25
28 54
30 85
64 62
51 26
96 84
66 8
23 55
42 73
2 48
65 16
91 2
84 37
77 20
11 13
37 75
80 35
20 16
78 61
38 35
18 80
88 33
40 35
7 10
10 81
48 8
61 26
14 39
58 96
9 90
16 68
55 97
13 47
59 26
60 42
21 97
81 29
63 8
70 20
52 69
28 79
56 100
38 88
84 70
59 47
15 92
40 27
73 69
46 52
93 84
80 5
33 14
73 60
32 95
15 42
72 83
82 42
81 28
97 19
66 64
7 7
33 32
52 47
98 58
41 97
53 43
56 72
83 85
31 80
22 14
97 97
38 45
72 78
49 18
34 20
27 66
49 92
38 11
20 100
48 88
30 12
35 100
36 37
16 18
31 18
14 89
86 79
57 3
72 9
29 57
74 57
49 7
69 22
73 86
25 41
52 20
71 6
42 87
56 58
75 10
50 86
65 40
94 35
96 73
81 65
22 24
82 54
75 22
59 50
42 47
18 84
89 94
32 88
45 83
44 87
24 71
10 93
80 40
12 55
19 27
50 44
97 92
65 83
84 23
21 24
7 26
71 38
77 47
29 2
40 73
43 24
69 63
3 4
58 48
74 66
10 29
72 75
9 58
81 37
12 92
17 1
91 18
16 39
40 19
92 97
20 79
94 86
42 88
87 48
13 51
31 12
86 74
32 3
91 46
38 12
64 2
71 6
45 6
25 38
34 36
67 68
5 6
93 60
7 46
97 80
43 71
45 79
81 81
26 76
39 23
76 15
21 54
60 98
36 17
52 36
3 69
74 18
29 7
53 19
50 87
58 1
79 92
72 2
77 12
86 98
64 67
20 62
59 84
100 79
14 94
15 4
73 68
75 40
58 2
88 79
31 59
51 97
98 61
24 74
23 26
92 10
23 87
70 64
94 81
27 22
77 60
27 93
32 1
2 53
83 42
100 42
90 13
26 50
76 88
13 49
10 98
84 57
20 32
65 6
79 65
24 43
35 7
7 51
55 66
7 61
54 38
2 59
60 43
82 27
28 35
85 47
3 37
21 20
77 74
38 85
27 7
13 14
64 61
78 72
32 18
7 37
47 37
79 9
35 6
93 13
59 14
51 77
96 61
86 23
7 73
79 75
88 85
97 44
67 3
73 26
14 98
86 79
87 60
66 16
28 74
87 58
34 86
98 89
11 81
5 83
10 69
5 36
79 97
52 53
79 45
94 24
2 92
52 31
46 41
66 69
26 74
59 4
93 11
43 9
91 55
76 48
83 52
1 32
85 13
9 52
75 63
6 54
84 28
20 9
77 29
2 85
89 54
16 13
21 33
39 59
6 63
15 66
98 40
52 67
18 82
96 12
65 44
23 53
62 48
76 43
79 90
96 30
42 19
51 11
21 14
28 90
7 78
17 94
60 4
37 20
31 29
72 32
37 95
94 47
41 50
39 70
51 19
38 86
97 44
57 40
81 69
47 84
78 88
91 63
35 89
18 28
11 65
12 41
87 47
96 5
26 27
98 87
72 76
19 35
26 20
89 27
63 7
94 35
49 92
80 36
15 83
100 49
90 26
24 63
67 28
55 72
10 93
20 52
38 33
53 91
17 63
21 93
79 31
22 14
50 27
62 54
2 16
41 13
75 91
19 17
40 93
37 25
28 1
33 57
99 17
31 85
77 15
46 52
17 55
34 19
72 66
34 47
59 74
16 26
42 85
77 86
10 33
33 14
22 89
5 66
2 20
86 36
39 79
85 83
2 55
73 70
16 25
50 6
31 26
10 66
3 25
57 39
4 65
53 42
7 25
96 10
97 8
38 81
64 35
89 75
44 17
41 61
66 12
89 91
8 49
73 99
89 62
26 29
70 92
68 79
40 28
88 63
95 36
70 25
51 58
26 10
71 47
58 19
9 88
36 46
96 68
29 60
89 84
27 7
37 10
90 94
8 76
11 77
53 3
12 32
41 4
50 38
56 11
51 59
4 16
35 38
98 52
35 15
21 86
47 14
7 57
32 36
64 67
69 94
25 17
20 80
17 66
28 69
27 24
39 30
68 82
33 73
88 65
2 20
33 8
17 48
36 91
57 100
46 99
15 77
57 70
87 86
6 25
49 67
96 84
66 87
12 63
27 50
21 99
58 80
80 53
96 26
26 15
65 4
81 71
92 32
69 37
61 31
97 75
58 61
48 44
7 75
77 11
61 85
17 97
2 18
96 96
62 49
52 73
95 26
9 32
20 38
68 78
4 33
93 16
60 13
88 92
2 18
54 16
12 62
32 70
65 65
13 79
51 26
4 65
48 45
82 64
93 20
52 2
17 96
9 96
88 28
45 48
63 41
3 51
20 26
43 86
64 37
62 55
71 66
10 17
33 71
90 43
44 25
21 93
88 13
40 81
28 75
68 37
87 42
19 70
7 6
42 13
20 22
87 56
24 90
12 96
90 56
33 53
45 86
98 5
85 85
59 89
25 64
57 78
47 11
69 27
40 5
26 62
69 59
100 12
59 93
100 12
64 1
86 32
88 61
45 83
71 72
87 55
33 48
10 43
70 31
88 78
92 61
19 13
77 60
4 18
81 87
87 56
87 97
57 24
58 27
98 53
7 81
28 85
79 91
22 37
67 100
60 9
73 58
17 78
48 49
88 21
76 28
76 26
50 14
40 32
84 7
87 90
26 43
33 14
3 4
56 6
66 69
26 15
45 39
39 42
14 92
71 26
4 41
7 47
30 53
11 46
87 66
8 98
63 12
68 92
50 65
85 23
89 15
53 10
4 33
24 44
21 17
10 47
93 24
76 16
13 22
87 87
36 100
63 46
90 98
15 82
56 39
53 99
61 45
77 58
1 64
32 53
99 21
45 41
8 91
64 72
10 21
72 3
48 45
95 86
68 37
75 61
11 23
67 80
37 71
86 96
48 37
9 18
10 46
36 53
77 18
90 51
53 86
83 61
46 1
89 29
89 65
40 16
95 51
22 6
53 83
71 59
76 100
45 79
84 86
55 32
83 12
97 44
56 87
39 31
59 53
18 28
95 99
2 57
14 89
23 23
81 67
18 93
23 9
46 63
46 6
17 52
95 80
67 66
48 2
54 5
84 59
57 71
79 78
18 10
32 45
63 40
84 65
25 80
94 7
64 22
73 92
71 81
98 67
68 89
46 45
3 73
44 29
59 12
21 74
70 76
68 5
21 32
64 51
57 97
18 9
100 21
53 90
56 23
63 2
46 75
47 60
89 1
64 42
68 99
74 84
40 37
21 93
44 60
8 36
44 52
72 25
14 96
70 76
77 21
95 84
44 23
75 94
87 84
82 38
73 54
43 7
100 13
24 63
98 43
94 32
56 93
88 18
93 70
90 9
93 70
44 37
82 36
19 70
7 68
74 100
58 79
43 16
30 57
99 67
50 27
71 45
62 5
26 59
19 6
27 68
56 11
46 70
91 89
56 16
67 97
28 81
48 25
33 70
88 77
55 32
28 37
94 26
36 41
46 19
38 54
17 73
94 93
81 14
30 85
33 89
69 48
72 60
82 17
45 5
88 69
6 100
25 67
7 99
17 12
65 4
28 7
99 33
47 74
10 32
72 76
23 42
54 92
60 47
3 35
3 5
56 42
8 8
58 80
43 66
69 27
33 59
92 49
22 83
66 38
13 31
24 37
29 87
85 77
63 40
44 39
80 66
25 99
30 39
56 83
9 72
31 25
25 41
23 74
11 46
28 89
77 75
13 51
80 5
45 98
36 42
7 40
91 68
6 32
66 20
44 62
38 74
66 26
99 14
59 88
28 9
35 86
88 5
61 47
44 67
9 57
49 32
51 67
50 39
10 8
21 15
88 53
30 58
23 53
93 28
88 81
18 72
28 74
21 58
24 41
49 16
99 84
51 97
87 49
57 52
67 97
1 77
87 6
59 31
10 9
42 3
74 50
23 59
68 54
94 95
11 92
27 42
91 9
10 29
81 77
25 66
42 47
52 26
8 28
89 62
64 17
18 30
40 90
43 93
87 8
51 88
29 49
10 77
6 19
48 19
36 86
84 72
97 77
57 87
49 4
73 97
26 64
5 42
34 65
72 99
86 21
21 22
51 67
37 30
100 56
93 84
56 35
64 28
14 4
60 72
68 14
30 84
25 93
9 34
33 11
83 33
6 18
84 3
85 56
63 21
56 84
71 7
34 63
19 86
57 100
13 30
13 24
68 42
76 89
99 76
60 60
29 81
36 66
73 65
37 20
55 88
94 92
55 77
62 28
27 25
54 18
93 91
33 18
6 60
88 60
71 57
89 47
64 99
63 24
43 37
24 99
43 50
26 69
96 49
73 40
57 74
17 78
95 50
61 1
60 52
8 48
47 82
80 97
20 10
98 95
45 15
16 73
42 39
87 41
80 37
63 11
88 89
90 31
31 82
86 50
50 42
23 93
41 48
57 54
48 61
27 7
79 45
83 42
34 20
9 22
32 66
54 23
53 20
53 43
44 83
24 38
83 45
92 98
51 23
35 1
7 51
95 61
2 85
5 29
50 88
53 65
87 82
53 6
100 39
21 57
47 95
40 96
93 29
51 83
83 95
97 86
98 41
26 43
72 100
87 82
46 73
54 39
96 32
22 58
15 47
41 42
89 13
41 32
67 33
27 91
28 49
90 76
18 26
77 67
100 89
62 15
5 45
28 67
77 100
46 49
42 43
55 38
22 82
14 95
37 88
36 92
67 17
94 77
95 85
25 70
84 46
42 38
57 40
39 69
69 85
27 36
25 62
43 33
79 46
33 56
100 15
83 21
49 66
2 76
97 96
41 79
16 32
71 83
51 24
8 61
48 72
33 86
18 73
18 76
83 96
63 3
23 82
100 45
73 23
18 53
31 69
53 59
41 99
74 23
36 43
14 82
67 83
55 99
26 85
32 25
27 8
42 94
39 1
23 93
45 63
83 41
99 28
78 35
10 91
33 51
84 45
27 99
97 3
39 34
10 22
81 70
64 88
88 74
66 54
68 10
2 63
90 50
85 52
42 19
21 46
90 27
77 5
59 68
53 73
46 97
18 62
49 78
52 33
38 88
50 69
31 5
55 51
55 72
90 91
36 48
74 11
67 77
96 50
74 77
73 49
62 71
1 42
75 11
50 4
72 64
69 99
2 3
74 75
17 56
3 16
26 4
32 29
30 44
20 27
75 56
78 44
85 37
99 78
81 11
27 48
99 53
7 47
73 100
55 32
47 89
44 9
37 24
67 75
53 19
74 38
81 28
16 51
81 18
80 66
65 13
17 6
52 63
62 23
55 24
64 68
77 53
77 7
33 65
83 95
33 86
65 8
11 13
82 32
49 91
55 62
19 13
28 72
46 71
46 41
9 52
5 62
20 85
1 81
27 53
90 84
43 59
24 6
89 53
95 5
18 37
1 50
21 37
59 28
69 18
70 56
17 29
13 74
6 37
41 65
48 32
91 82
87 91
95 66
70 75
63 90
39 88
24 63
43 11
28 34
89 63
91 97
22 6
94 55
19 79
11 34
15 19
61 53
18 53
27 55
44 87
26 89
3 34
44 1
34 45
59 24
72 75
32 49
55 94
72 25
58 26
44 34
86 24
76 4
10 55
94 54
94 54
87 19
72 48
45 83
58 57
31 3
4 29
74 62
38 58
35 98
31 47
70 78
33 69
23 97
2 43
96 68
39 47
95 34
68 10
18 39
41 25
6 49
62 96
6 79
76 100
46 40
18 59
79 68
16 2
44 1
21 18
64 91
77 59
20 58
48 44
21 37
37 41
36 26
4 99
50 41
81 32
90 95
14 50
3 68
20 30
47 47
89 92
50 62
72 17
13 69
58 19
11 33
10 94
44 47
39 13
96 93
40 71
20 37
56 53
82 75
21 28
19 80
42 61
78 21
41 65
83 90
74 98
92 94
92 83
47 35
80 30
1 95
31 19
71 72
46 39
66 5
84 18
31 84
56 77
41 8
49 97
94 76
21 74
8 37
24 12
93 54
48 3
21 93
17 31
69 43
47 14
32 86
21 83
11 14
21 77
73 52
79 21
46 66
55 99
62 53
58 78
80 54
47 58
88 52
94 15
28 8
93 93
27 11
24 13
89 37
40 96
68 13
31 18
68 13
17 85
62 29
83 75
32 93
44 81
47 71
78 37
81 74
37 70
34 7
96 60
8 23
35 87
5 75
40 65
1 24
53 56
82 62
54 87
67 13
83 49
86 13
38 60
81 18
77 26
86 15
89 72
58 45
19 75
92 14
38 10
18 92
6 42
80 99
12 59
8 98
62 46
6 45
14 99
25 38
52 90
61 62
6 92
67 71
84 76
38 10
1 73
66 55
53 6
17 45
42 16
62 76
20 3
54 19
56 33
23 78
91 60
51 35
5 48
75 69
78 41
65 12
66 31
36 31
75 71
86 52
27 69
71 47
65 98
83 24
53 73
32 57
91 95
42 34
55 48
88 17
80 84
14 4
34 46
68 50
53 61
29 53
52 32
81 51
27 68
40 63
19 31
26 23
57 62
9 19
87 11
94 48
3 67
64 60
9 37
49 31
35 13
96 77
79 86
54 77
39 5
88 45
68 10
71 65
83 76
38 31
30 22
40 83
42 32
20 3
85 2
15 68
96 19
5 10
38 75
31 10
54 29
38 18
82 73
48 60
42 65
38 85
68 23
54 77
79 9
11 26
93 15
33 77
38 89
15 37
98 76
4 45
63 4
76 93
52 44
60 24
8 45
67 97
25 75
36 72
97 55
69 98
74 42
30 2
90 63
38 96
40 88
91 93
37 2
98 66
41 88
32 57
6 49
75 50
22 30
85 10
7 18
59 53
6 32
95 40
35 96
35 84
29 27
80 77
42 65
5 77
86 35
83 88
38 91
72 9
19 59
28 8
61 77
61 39
78 66
13 7
90 65
43 47
23 70
87 22
99 17
51 91
30 84
26 85
93 67
77 49
57 63
92 5
43 17
34 52
58 72
88 99
45 99
21 30
4 20
88 7
97 2
37 90
74 26
45 14
62 18
81 21
77 18
86 24
75 71
95 72
70 84
34 34
16 66
37 54
60 19
72 24
13 8
86 60
73 38
56 82
2 86
4 88
11 31
1 41
64 37
72 95
29 85
3 5
11 44
14 39
15 22
30 85
44 27
65 67
48 68
53 72
59 1
31 8
49 21
57 32
78 64
49 28
84 58
53 51
41 94
16 66
2 55
34 97
63 45
12 50
21 10
10 65
24 31
51 93
76 72
88 7
86 53
63 36
38 69
63 67
33 78
85 78
26 34
31 18
67 88
49 94
58 39
69 10
2 82
5 19
77 77
82 44
31 62
30 44
62 68
98 44
73 94
80 82
51 98
37 62
55 69
7 85
95 65
98 27
45 96
25 2
98 73
34 6
1 28
96 15
59 62
8 45
78 83
81 39
100 28
48 69
54 54
18 54
80 48
95 15
69 76
48 71
76 66
45 33
47 28
42 92
36 57
92 49
39 65
44 24
92 38
91 91
96 45
44 61
27 75
2 91
61 95
12 1
33 89
68 57
48 32
40 9
9 36
100 31
6 47
84 44
34 98
94 27
39 30
56 38
80 65
12 10
10 40
80 75
31 95
78 48
56 31
66 17
100 17
63 17
60 5
54 99
25 46
75 48
85 15
79 82
43 16
55 42
17 5
99 87
34 47
29 76
44 41
57 46
63 43
100 72
70 22
67 53
100 94
8 93
27 36
51 38
80 69
73 58
44 96
94 23
50 29
69 75
20 94
88 78
49 82
4 87
92 18
63 22
67 43
79 22
11 45
13 81
90 42
37 38
12 33
13 83
57 62
7 34
11 76
10 94
33 11
80 65
86 24
66 94
67 4
48 96
77 77
19 13
50 66
51 7
41 13
74 15
48 97
25 80
26 10
20 34
98 58
33 51
44 35
39 50
46 10
39 38
50 74
91 57
15 51
64 93
8 56
52 37
69 7
17 28
13 94
51 36
87 62
97 35
84 82
92 87
24 81
6 30
38 74
24 49
93 52
7 39
76 52
59 11
38 44
37 75
62 3
64 39
73 100
82 60
98 8
89 25
6 22
47 46
94 43
46 22
61 87
38 53
15 88
83 96
22 4
6 19
9 84
83 70
81 81
88 16
92 79
52 28
74 97
91 50
71 67
5 37
41 83
70 95
90 55
10 52
22 64
47 16
37 30
62 81
49 17
47 2
81 40
37 98
47 54
73 27
15 70
52 29
23 55
61 74
25 13
76 23
38 99
80 74
6 26
94 42
95 54
94 41
90 75
81 82
60 89
58 53
81 75
81 61
34 4
68 94
16 11
61 95
20 53
30 40
81 25
31 23
63 75
2 24
57 5
93 82
86 16
42 50
62 66
21 23
16 48
58 40
86 31
35 18
9 5
82 16
38 90
16 12
87 53
57 17
50 43
10 49
50 35
53 4
26 11
10 73
65 93
75 19
36 2
59 61
76 97
86 40
3 13
65 53
22 41
35 73
21 71
6 44
47 22
85 10
82 24
68 94
13 98
100 42
54 100
96 58
49 29
94 33
86 3
43 58
83 59
29 77
72 3
77 86
95 71
94 61
54 29
78 14
55 18
18 29
86 61
89 13
46 86
88 82
92 83
41 82
58 74
28 21
59 82
52 4
64 5
85 97
10 70
87 63
91 17
77 4
69 29
66 65
99 66
48 6
87 90
63 40
12 45
78 90
94 70
75 29
25 9
78 59
73 87
3 65
68 64
44 79
95 36
53 9
14 45
34 100
91 1
97 48
90 3
72 74
54 35
43 98
9 78
16 21
37 81
44 18
48 56
44 39
48 95
39 96
96 13
65 73
72 38
40 61
86 61
95 64
61 39
69 90
62 21
2 36
54 98
53 97
36 53
47 96
92 35
47 86
10 39
76 12
24 33
94 68
31 10
100 40
81 43
64 20
56 42
91 65
13 61
13 44
91 48
82 12
49 34
24 81
92 10
42 100
19 15
76 87
27 49
43 28
99 7
1 6
22 6
66 91
86 35
34 31
42 77
62 16
96 90
99 86
37 39
53 92
79 55
55 81
8 5
63 49
55 58
64 63
54 28
14 29
11 39
67 48
15 52
93 81
66 62
100 43
35 54
8 4
84 13
69 14
62 43
1 31
46 68
48 16
44 99
89 61
8 55
58 8
88 74
35 51
45 5
58 34
90 79
91 17
82 25
68 11
42 43
63 20
35 87
37 10
70 30
36 77
36 30
55 46
96 75
79 90
75 92
71 88
56 64
89 13
24 37
32 8
79 65
3 94
55 65
94 91
19 76
57 82
27 55
81 12
53 74
65 12
99 27
43 87
100 7
43 83
42 23
39 26
71 20
84 93
83 25
1 29
62 53
59 57
20 88
13 40
51 72
99 30
16 1
7 93
75 15
89 2
27 16
87 27
71 98
22 22
50 5
58 74
31 12
51 16
55 50
22 16
45 5
6 72
64 60
27 64
65 90
57 15
94 92
89 43
64 64
69 62
36 65
28 26
93 18
67 31
46 100
4 40
63 90
1 61
77 78
67 79
94 41
32 75
69 39
2 72
86 32
49 22
47 21
38 28
58 92
91 56
48 3
44 46
59 10
88 97
75 35
75 6
81 20
58 59
82 49
33 60
81 67
39 33
60 80
23 76
84 18
72 13
58 31
40 68
64 16
2 79
85 90
10 29
39 17
17 19
30 20
39 49
33 11
42 77
53 93
62 64
28 88
18 33
52 85
53 9
88 67
57 54
34 24
92 18
36 72
92 8
9 66
28 30
58 41
33 21
36 62
49 46
79 63
47 66
27 82
49 51
57 66
89 5
74 90
62 32
39 61
26 5
86 99
40 5
77 43
5 24
70 12
74 53
71 100
81 73
23 97
62 29
85 79
21 2
33 58
19 82
38 23
22 96
53 23
17 13
36 29
41 73
26 57
8 66
38 48
96 89
69 61
91 9
10 6
15 63
96 94
68 85
81 33
7 89
1 85
65 24
96 89
97 5
23 73
72 5
45 60
72 67
27 65
70 15
77 88
81 85
69 73
5 1
89 1
37 64
87 42
82 2
58 34
7 78
34 80
40 30
97 78
43 63
77 75
63 64
100 54
78 95
95 21
73 82
97 36
77 10
63 83
17 10
39 20
100 75
4 73
2 91
53 52
27 96
60 82
87 41
35 11
31 64
97 30
65 4
65 94
76 93
54 27
46 44
70 92
64 97
39 26
77 18
13 92
25 55
95 24
35 11
74 82
11 17
72 70
63 27
71 36
62 91
86 24
15 60
56 56
81 31
100 95
38 9
16 12
88 62
24 62
43 74
90 97
18 5
31 62
49 81
23 1
76 11
70 8
63 91
73 77
23 43
4 72
35 12
25 19
80 74
47 48
44 23
27 89
50 62
94 10
62 98
60 16
23 38
80 81
58 38
32 4
27 32
44 35
5 61
35 68
16 85
59 33
21 11
24 37
98 70
20 69
36 60
49 31
12 11
48 80
83 21
52 79
66 61
73 47
15 70
6 7
92 82
92 64
53 12
34 68
36 50
61 5
35 72
82 9
40 46
18 29
59 74
34 22
68 76
98 7
65 34
15 3
19 56
68 59
26 71
72 1
57 13
84 33
93 91
89 17
97 33
6 6
79 8
83 92
98 47
32 80
35 62
70 99
57 53
75 89
89 34
46 46
78 45
87 82
50 71
55 75
33 47
54 60
3 11
9 88
20 100
14 41
39 54
58 35
23 47
32 32
77 63
59 29
62 55
77 45
72 12
58 31
42 4
66 63
2 45
96 75
67 21
74 61
95 57
55 31
14 17
79 86
14 91
97 37
82 76
87 25
7 53
8 96
10 48
44 73
99 63
84 40
100 17
25 9
92 47
63 79
64 5
47 42
78 30
57 43
19 11
15 95
42 25
25 22
47 51
13 68
59 45
14 48
57 11
57 38
17 100
4 19
12 32
61 3
97 42
52 69
63 16
40 19
40 4
6 64
84 38
83 19
18 42
4 48
85 26
25 60
31 1
85 81
83 42
35 97
66 79
46 87
57 28
32 38
53 48
86 37
7 36
30 20
67 77
2 33
45 51
4 27
59 75
68 88
84 41
71 3
41 49
29 69
6 97
44 60
48 58
46 81
100 7
35 75
59 66
17 36
62 3
29 20
7 20
12 97
51 42
91 35
3 43
91 71
30 8
17 86
67 29
87 62
88 66
32 21
9 47
49 100
71 22
94 78
26 29
70 5
91 28
70 12
82 93
52 60
97 63
44 21
82 63
81 82
55 70
68 64
63 63
84 16
45 85
13 77
34 22
49 34
46 24
69 70
29 79
94 20
92 26
40 37
70 74
95 20
83 24
86 14
81 97
33 70
98 26
99 45
79 31
7 48
17 76
6 75
46 98
75 99
87 38
63 14
86 57
80 9
22 20
69 18
39 2
79 1
98 36
19 78
77 28
3 25
51 93
42 60
11 48
85 16
82 97
53 99
7 19
38 85
2 80
34 58
59 40
27 12
41 56
35 45
21 17
62 37
48 23
71 3
71 58
7 55
6 52
22 11
95 12
44 11
69 48
39 77
40 79
86 66
62 81
49 20
8 35
57 10
65 7
65 27
34 35
38 71
81 91
54 59
69 28
75 97
25 89
19 66
83 65
97 4
75 44
30 45
55 34
41 87
65 19
5 5
27 50
40 42
52 59
86 94
42 72
61 13
78 67
31 79
35 60
55 27
23 61
95 85
23 77
47 35
91 87
89 3
44 17
75 80
73 95
67 61
25 15
33 79
9 2
13 63
41 95
56 67
3 63
92 2
36 25
64 90
93 26
94 52
83 88
35 68
80 56
22 53
31 4
57 54
68 91
38 21
40 8
22 93
94 42
67 13
55 81
58 82
85 47
34 51
18 67
74 68
72 50
5 95
100 2
45 14
34 19
78 82
26 73
15 100
64 71
51 33
66 18
16 60
10 50
16 2
21 79
28 90
36 93
46 85
98 88
58 90
23 31
56 36
35 48
18 22
6 50
20 20
79 71
20 35
36 88
19 87
28 57
1 46
30 16
3 46
88 79
10 60
47 10
58 65
38 81
83 27
47 43
13 2
36 77
17 32
70 24
32 35
32 98
13 32
77 14
92 67
78 16
26 53
69 25
57 83
61 6
48 91
92 59
36 60
43 80
3 52
38 13
62 34
17 21
34 26
92 45
61 78
82 21
97 86
20 51
56 6
96 80
39 56
67 88
67 26
29 62
26 21
54 66
86 87
12 22
66 72
1 55
75 26
63 82
84 72
77 82
14 92
47 72
11 4
29 65
26 29
49 57
22 51
37 54
75 59
82 100
54 41
18 34
68 81
52 81
14 51
42 80
3 27
30 40
5 66
94 58
66 30
81 43
96 39
50 69
69 71
63 83
17 74
54 80
60 84
34 57
36 74
52 28
67 91
56 82
91 71
1 1
43 9
47 33
1 91
13 96
79 21
95 75
54 95
30 48
57 14
39 15
94 44
34 90
23 61
83 41
42 66
74 83
67 36
78 20
68 68
40 90
64 46
92 34
34 18
83 73
87 90
33 21
62 81
93 19
59 85
2 75
10 52
40 75
46 76
43 17
7 13
58 35
68 22
39 1
73 1
42 21
93 60
92 75
93 55
91 84
10 3
7 92
66 19
95 98
14 11
76 89
23 72
94 33
86 43
95 84
57 58
69 37
63 1
55 12
47 7
61 97
88 57
75 67
64 5
68 21
10 30
53 43
27 84
26 98
82 12
70 21
9 90
90 38
50 71
29 97
93 96
52 89
56 81
85 79
99 71
52 52
46 60
44 5
2 73
84 69
41 35
24 53
43 49
71 66
62 92
39 99
88 54
34 43
73 95
17 71
74 71
31 69
25 20
92 26
94 78
13 75
80 87
35 88
53 22
65 6
56 14
68 3
97 43
37 53
23 69
40 6
74 49
68 22
47 50
27 11
85 92
78 91
79 64
85 65
22 83
49 49
4 77
72 16
20 100
69 60
65 43
43 60
81 38
39 10
20 79
22 66
8 56
72 52
16 86
21 8
9 89
65 69
36 12
63 88
48 55
49 31
42 12
2 91
100 74
4 40
57 71
27 26
77 65
50 98
5 44
32 22
90 13
76 48
36 25
80 39
21 83
94 28
19 63
88 95
87 70
41 92
17 43
7 19
16 45
88 9
30 72
37 19
66 72
96 12
2 53
35 27
7 23
37 81
27 77
98 76
67 13
56 38
8 35
79 14
22 75
47 66
36 52
23 35
46 2
6 70
49 100
74 41
73 7
83 62
37 99
64 32
70 4
90 19
32 29
4 69
86 6
57 2
36 22
75 31
52 33
32 80
72 52
58 5
66 44
43 92
24 3
58 58
76 45
73 47
67 59
64 28
29 53
74 72
54 64
97 48
79 6
9 28
85 51
94 19
10 2
4 88
45 85
81 13
12 72
31 54
81 78
82 46
18 10
25 55
54 23
80 21
1 33
83 89
7 37
38 28
16 68
53 42
6 12
84 33
38 17
47 66
11 71
32 28
35 80
3 56
29 40
72 82
22 29
17 6
34 28
48 54
47 1
64 100
84 53
21 99
64 22
44 67
47 27
58 75
30 33
72 12
94 10
90 96
1 67
47 6
60 86
38 94
93 6
58 54
52 28
49 31
49 16
94 92
18 95
79 51
63 100
9 51
98 8
26 99
4 50
88 72
65 15
21 25
30 9
37 30
60 82
49 37
81 9
55 42
44 98
97 34
36 58
17 58
56 33
82 43
14 11
26 69
46 79
87 46
75 75
8 75
12 87
47 56
49 92
89 1
86 93
50 38
95 73
57 19
61 50
12 39
59 74
4 37
34 56
31 43
17 61
47 38
46 28
19 93
45 94
86 60
97 83
55 88
6 91
92 12
2 66
91 3
92 60
16 95
89 25
85 98
87 5
33 83
75 32
26 3
62 72
54 63
50 10
52 60
23 7
24 95
98 24
36 67
13 41
65 3
52 1
5 2
84 38
22 89
92 11
82 47
61 5
67 87
46 63
69 18
13 69
44 45
11 62
54 31
33 23
23 18
71 36
74 79
68 55
65 95
93 11
67 98
84 53
15 33
3 81
49 36
80 67
28 45
75 90
12 81
50 60
95 86
64 21
27 20
14 31
93 43
40 58
63 60
44 23
3 77
12 46
12 4
48 43
32 91
23 74
33 95
32 25
97 80
99 96
78 23
65 65
22 71
82 4
78 36
13 25
71 32
35 76
19 34
77 34
8 2
49 99
75 92
23 80
27 71
45 22
38 5
27 61
64 11
47 8
84 93
25 59
86 6
40 11
45 4
58 68
18 4
47 6
85 93
15 70
91 64
68 60
20 28
38 46
5 36
28 84
94 88
94 4
15 80
35 85
52 11
14 92
97 69
13 60
29 34
97 28
39 71
98 16
61 58
45 88
23 17
4 25
28 17
48 49
85 94
4 82
74 88
9 17
29 22
7 21
100 57
80 55
70 38
48 29
16 82
98 92
16 91
59 54
54 96
89 6
39 39
26 93
61 64
86 34
7 89
98 44
99 6
96 77
5 20
2 43
34 73
63 51
56 50
97 73
78 62
100 85
29 16
80 77
63 90
30 17
12 69
26 27
55 10
82 21
63 12
84 35
85 49
50 98
70 93
54 46
30 99
14 5
81 59
100 45
13 95
15 29
8 25
86 41
13 62
73 67
1 28
76 8
5 38
82 25
70 26
24 35
91 99
9 90
86 23
18 8
37 51
27 32
24 44
57 64
31 37
64 30
89 83
72 91
15 46
71 53
39 36
86 47
88 81
4 95
54 73
75 21
4 90
85 1
65 28
16 94
75 47
81 31
21 63
8 5
57 35
70 31
77 48
80 55
1 16
40 83
55 55
96 15
67 59
86 33
26 83
29 53
83 100
14 62
66 3
89 22
4 74
73 10
16 80
47 53
35 17
23 86
100 90
100 70
2 67
1 37
89 79
30 30
43 71
25 44
17 8
81 65
74 20
51 54
6 41
9 97
82 92
33 31
1 34
52 32
68 54
33 52
33 8
30 62
57 75
82 54
18 73
44 15
20 43
84 94
42 77
68 92
75 76
61 1
84 75
80 12
15 4
11 64
78 100
74 93
98 34
59 8
22 16
10 2
48 93
69 93
37 41
16 36
88 11
37 76
39 24
27 16
32 6
5 89
81 9
42 78
37 31
46 52
6 10
2 7
52 53
45 70
58 88
50 61
88 97
20 38
5 79
84 98
39 36
44 88
17 71
1 86
89 6
15 98
5 94
46 17
38 56
95 91
3 47
44 96
33 42
20 15
13 37
73 55
94 51
73 16
53 63
68 74
71 42
35 82
50 27
34 33
75 40
86 28
75 29
22 29
96 7
44 94
48 8
10 68
35 94
56 82
7 40
81 75
56 30
56 67
51 58
97 90
69 77
57 82
63 44
2 79
72 58
17 97
64 71
16 26
59 51
90 71
45 18
47 22
40 53
10 2
43 91
19 58
39 12
7 28
6 53
62 8
5 29
51 78
55 20
70 67
89 66
83 59
80 86
38 29
30 20
62 99
56 73
36 32
59 46
51 94
1 16
96 12
90 57
29 47
65 44
61 50
9 53
38 43
71 40
11 27
25 53
77 24
8 32
78 12
5 66
34 28
91 57
66 29
27 80
76 46
95 91
96 36
31 55
95 33
12 1
5 57
33 88
20 81
44 40
57 49
28 100
9 90
71 18
98 74
19 97
88 25
12 65
20 83
67 42
95 66
22 30
18 99
80 6
45 37
85 75
27 54
43 64
81 35
60 13
62 30
54 30
94 49
83 66
59 13
78 1
31 53
52 52
9 48
36 83
9 6
59 72
35 35
69 1
66 15
45 80
9 27
27 50
67 55
67 61
13 26
78 97
100 43
42 81
63 8
13 77
48 72
58 71
24 82
49 27
58 41
19 45
94 67
21 97
9 13
38 39
87 21
64 67
48 86
46 5
34 62
85 10
33 81
15 43
21 8
100 63
7 78
96 70
66 52
64 68
7 26
46 53
72 45
31 61
18 19
32 28
89 51
83 69
63 21
28 97
59 83
12 79
48 17
21 60
27 13
38 36
41 33
78 36
96 12
82 60
39 13
15 13
81 27
100 98
94 43
77 27
58 5
73 41
100 5
70 93
81 26
11 7
94 21
32 40
51 90
54 13
77 89
67 69
66 10
4 66
45 11
15 33
73 2
6 40
32 24
49 75
34 64
84 11
50 27
68 67
31 52
92 74
42 60
69 59
24 59
69 24
8 20
21 36
75 80
55 79
5 6
22 4
66 90
69 5
24 68
19 36
9 54
13 11
69 2
60 33
9 44
16 29
16 16
48 36
66 90
47 2
57 71
12 68
25 23
90 80
68 48
1 60
70 28
30 66
50 90
86 41
21 58
74 1
88 36
25 21
22 54
76 72
39 79
53 39
19 63
62 42
1 86
65 63
80 23
12 94
35 29
87 49
49 7
43 60
32 89
94 67
90 53
83 21
59 81
95 35
28 77
14 57
71 81
3 79
24 50
30 66
67 10
17 16
27 15
3 59
77 10
15 96
16 19
99 97
84 75
3 93
1 63
43 69
99 71
72 97
15 22
32 2
69 81
95 100
10 48
57 50
97 38
56 71
20 13
39 54
99 3
65 93
13 51
22 60
56 11
33 93
46 70
50 16
15 15
62 97
98 76
13 70
41 94
58 69
74 12
14 48
41 24
75 30
89 53
16 96
40 97
18 48
15 38
52 20
16 81
56 65
34 65
58 68
88 26
37 16
63 62
37 2
84 55
60 11
58 24
20 27
74 50
87 38
9 40
20 90
54 76
40 27
94 39
17 97
64 34
95 53
7 79
85 83
94 90
13 44
22 51
100 33
22 95
86 38
27 30
5 5
31 80
71 44
92 77
10 87
91 56
34 56
38 97
86 18
14 83
34 99
83 35
82 85
75 4
85 67
24 1
33 41
36 6
82 3
89 27
34 43
98 79
76 67
37 88
70 13
11 50
36 3
40 93
48 69
36 14
66 32
24 11
16 98
100 59
38 98
92 40
71 71
90 90
77 98
10 26
27 46
1 21
65 62
31 92
57 13
96 18
28 22
20 20
30 95
44 71
11 67
90 36
77 33
30 79
56 53
50 91
63 82
95 2
45 28
40 77
94 1
75 87
6 73
68 94
16 36
54 11
98 26
10 43
73 74
26 39
82 28
61 28
81 44
71 56
32 26
78 62
49 78
2 52
97 54
41 69
32 13
90 47
41 29
3 100
90 14
93 80
7 71
15 54
61 40
65 37
99 92
21 42
46 99
4 23
43 42
54 45
43 74
55 44
95 83
48 57
88 84
7 41
46 47
86 73
61 6
49 50
43 59
9 22
44 88
82 13
9 86
12 35
30 51
33 66
74 76
12 33
25 61
7 70
42 22
27 92
93 2
13 27
48 88
27 21
33 43
29 8
95 41
43 92
57 76
52 28
60 82
42 15
84 36
57 1
44 25
78 35
61 37
76 90
63 61
3 54
62 47
40 83
74 8
83 82
9 82
63 86
100 20
55 57
57 83
59 11
45 100
88 37
78 58
70 63
17 92
39 72
7 30
37 30
63 80
14 71
9 24
43 76
32 8
43 50
12 40
40 53
89 9
66 27
42 19
62 87
58 58
39 52
81 64
96 27
97 44
67 9
36 57
65 61
10 20
59 59
11 74
82 50
77 52
70 99
85 18
27 83
35 94
58 17
43 15
10 5
65 91
48 76
89 100
71 64
74 98
71 82
31 84
87 4
2 7
76 8
91 86
32 54
70 25
39 89
45 64
7 49
76 9
60 54
69 64
14 31
12 42
77 36
40 42
1 64
23 93
31 28
82 13
37 62
2 3
19 28
76 46
54 25
30 3
19 65
95 98
91 32
19 58
100 19
34 58
3 52
79 57
69 33
46 60
15 6
33 47
92 33
57 60
14 97
61 86
35 32
63 8
65 25
43 82
91 64
67 77
85 45
77 46
57 53
10 22
20 71
55 94
5 11
59 11
48 19
50 72
79 82
58 65
98 43
59 53
81 40
85 25
22 65
17 61
35 79
1 79
72 54
17 56
18 77
47 75
98 66
99 96
12 76
19 9
61 9
49 29
5 93
57 33
45 27
5 25
55 79
85 57
12 27
55 1
27 82
99 1
48 25
52 97
57 60
20 22
50 17
61 68
52 55
33 17
94 49
79 37
45 48
26 63
15 57
90 80
80 94
70 88
36 80
39 21
95 93
61 10
30 44
50 22
90 81
81 82
70 83
83 60
74 15
23 8
88 89
34 12
99 19
50 55
75 34
78 88
50 69
65 39
60 79
11 14
48 49
84 92
51 17
31 66
25 24
64 53
64 12
83 49
3 14
100 32
72 30
50 77
15 21
51 14
80 26
27 61
4 27
43 10
27 6
82 26
30 51
15 45
46 46
59 49
80 48
77 58
87 3
75 27
92 1
79 25
38 71
49 5
66 41
47 92
69 44
94 28
24 98
43 60
8 69
69 54
11 40
94 45
23 49
50 69
45 15
85 80
84 82
75 34
77 49
44 73
52 97
94 37
49 75
96 89
42 8
47 64
8 4
53 93
61 83
97 54
33 57
39 33
18 68
68 65
37 46
42 11
99 88
14 88
76 47
55 9
24 69
72 53
45 32
66 76
29 57
14 62
94 13
80 4
68 12
57 99
9 56
43 51
38 8
6 56
17 13
81 60
65 40
23 4
80 9
18 88
49 60
73 31
34 95
6 4
3 53
8 14
64 63
70 50
57 53
65 76
87 73
65 97
1 51
12 87
75 32
91 29
11 75
69 15
71 96
100 26
92 25
87 7
8 7
60 9
84 16
41 76
73 22
25 5
91 25
56 36
16 17
44 98
13 78
73 12
90 35
59 72
30 81
87 97
5 37
52 98
74 40
14 44
48 46
22 38
25 91
59 77
26 40
69 2
66 90
24 93
64 55
87 34
31 45
81 25
23 87
27 84
80 96
93 40
29 27
69 66
42 53
44 28
29 67
57 12
4 94
100 32
66 19
63 86
11 48
34 95
30 33
80 12
3 9
88 24
89 31
35 56
83 82
100 78
89 64
9 8
40 44
62 9
46 57
4 76
70 56
40 89
53 52
60 71
46 55
38 99
55 86
19 72
50 89
4 19
78 90
34 13
73 69
25 47
23 18
26 80
21 44
47 17
40 73
27 59
57 85
71 64
36 11
52 89
59 37
26 55
67 37
57 11
10 91
9 82
13 84
27 86
2 33
57 26
84 93
78 84
99 40
3 100
40 86
74 54
8 99
87 100
62 27
17 43
76 23
6 77
62 41
73 85
10 16
8 30
65 93
32 37
36 15
1 34
39 76
26 74
25 47
73 64
58 39
61 89
18 86
26 67
51 79
46 98
79 12
4 54
90 95
10 87
73 78
5 62
87 11
9 82
45 12
2 33
74 54
39 62
80 91
69 64
14 82
93 15
20 44
39 48
87 61
38 100
61 59
21 42
23 99
10 82
14 19
73 63
77 87
77 11
75 56
90 46
12 88
83 82
82 31
91 21
72 68
78 81
22 84
83 50
31 97
15 44
7 45
31 87
50 83
38 8
5 76
63 27
61 68
50 97
18 94
61 92
72 41
25 90
39 46
42 7
50 70
66 8
95 8
90 96
55 96
71 80
58 11
30 85
81 70
63 79
23 50
91 75
16 94
91 15
73 55
76 32
40 74
82 41
88 86
81 71
2 95
57 3
87 60
81 87
17 19
69 44
70 39
85 11
25 86
92 75
59 49
22 67
59 50
35 3
26 98
92 67
21 27
38 1
39 59
77 19
62 7
98 45
55 83
68 82
8 31
79 59
77 18
67 1
55 35
33 53
19 80
7 76
28 91
49 44
14 66
25 26
22 75
58 22
55 29
59 77
88 62
80 90
42 64
51 46
99 96
28 35
10 69
60 86
29 90
7 8
85 95
69 31
52 7
35 78
7 6
20 45
34 94
57 51
48 75
23 7
41 98
67 50
35 3
44 78
37 15
9 50
33 22
80 30
59 36
42 14
10 17
10 13
63 44
70 19
77 10
8 92
93 70
24 26
55 79
94 67
16 91
64 54
35 100
36 95
8 94
62 29
41 18
13 72
42 3
64 82
26 18
87 23
48 70
49 10
28 2
45 94
47 96
95 60
55 82
27 30
58 14
83 88
11 50
52 95
29 52
22 68
90 6
75 8
70 38
91 23
16 97
92 35
47 15
96 39
68 1
14 74
61 78
27 97
43 72
75 31
98 71
76 96
56 39
28 51
25 77
73 19
5 93
7 17
7 51
51 2
27 74
3 17
13 87
10 30
12 55
78 37
32 61
99 53
55 39
15 27
97 32
24 40
56 53
4 30
83 14
39 6
22 9
47 42
23 86
93 9
45 34
46 70
74 28
67 44
22 81
12 81
20 18
23 35
16 27
40 26
83 50
10 79
72 57
94 56
16 94
79 86
7 12
40 24
19 81
13 58
38 41
10 24
10 10
88 32
9 77
26 80
10 44
100 35
42 81
26 93
31 10
21 56
79 37
69 60
17 49
89 81
56 7
68 51
34 17
93 55
86 95
38 18
4 95
27 37
81 98
7 52
7 63
52 27
39 37
86 20
53 7
13 26
28 60
77 32
39 62
8 69
39 24
19 45
33 42
39 97
1 13
28 45
24 7
96 79
50 62
68 33
58 54
14 33
64 38
99 90
58 2
78 6
2 48
90 96
44 34
98 80
77 44
3 25
55 100
13 98
30 5
58 32
64 39
76 71
12 80
33 26
83 22
69 10
57 84
17 58
90 1
44 15
91 18
17 46
95 46
50 81
12 24
15 59
82 28
59 90
16 93
14 91
1 98
82 83
92 9
9 50
16 81
50 5
2 7
4 66
98 49
24 5
63 10
89 38
28 44
37 47
37 95
92 50
84 89
98 25
75 76
8 58
14 42
48 58
75 68
16 3
7 73
34 39
77 70
13 74
20 56
50 1
51 8
49 93
18 86
61 98
55 44
37 21
30 21
88 85
87 4
28 3
41 94
15 13
38 17
24 27
80 57
17 73
66 82
67 65
62 35
30 80
100 68
88 66
2 81
36 75
29 41
86 16
28 70
38 100
78 66
74 62
86 57
38 90
6 51
37 5
84 67
35 66
84 35
15 74
1 85
25 2
17 29
50 10
61 97
14 40
53 39
47 87
29 38
41 85
41 34
53 77
95 76
10 87
12 78
62 76
77 12
93 39
100 46
42 94
33 61
99 55
93 85
23 97
81 21
7 15
91 21
96 59
97 37
14 57
84 8
72 28
66 13
58 16
9 17
77 99
5 42
78 27
24 97
18 100
66 4
77 24
34 9
45 24
81 30
89 59
38 16
28 60
75 55
71 85
35 84
77 48
26 39
36 54
6 49
5 5
80 71
79 81
56 65
94 24
34 88
4 82
94 71
77 31
68 68
3 47
46 2
93 79
33 72
20 80
36 38
60 24
56 67
31 39
14 12
51 24
57 47
69 54
85 50
70 45
91 4
57 24
3 37
60 49
80 87
76 79
55 15
33 35
73 62
25 63
38 86
84 76
29 95
96 52
48 65
68 17
41 91
79 77
25 43
81 38
16 57
71 56
42 22
84 4
18 67
4 60
35 56
2 88
91 16
80 49
66 39
29 100
76 6
100 7
44 52
8 80
87 11
85 31
86 28
94 20
79 3
10 98
37 66
81 11
12 27
17 12
63 77
34 97
3 90
94 85
16 98
61 53
83 2
81 97
16 68
23 27
76 46
11 32
95 12
90 43
7 6
34 7
3 21
11 67
3 58
7 4
56 18
19 67
15 91
10 51
77 30
76 32
16 52
15 38
33 62
19 5
63 39
59 52
70 17
74 21
76 72
41 81
99 84
74 59
61 14
95 35
19 90
93 22
12 86
47 8
64 44
34 65
68 78
94 44
65 37
60 20
100 92
75 100
10 50
15 100
35 22
11 10
83 5
90 4
11 94
37 36
52 26
3 22
66 19
7 48
67 82
73 66
17 66
68 48
99 26
47 82
43 33
89 10
13 78
71 78
65 75
100 60
81 16
34 54
1 98
79 40
57 68
85 52
51 73
50 4
38 49
34 49
58 80
57 22
100 22
96 80
91 64
80 47
52 23
21 65
5 52
71 99
2 13
86 8
11 52
1 87
35 48
80 34
7 44
65 88
67 6
22 60
58 57
80 53
69 9
13 52
50 25
38 83
90 52
55 75
61 1
48 55
40 48
91 79
67 47
4 56
67 33
42 77
29 25
33 73
24 50
74 45
80 25
28 11
85 21
21 83
37 98
45 21
99 29
75 35
42 17
50 30
7 9
85 43
15 87
36 17
14 90
14 10
72 45
65 94
76 9
6 38
58 64
92 50
84 8
25 18
48 78
86 26
20 54
92 70
38 34
75 28
89 3
47 40
33 60
68 12
49 60
24 25
74 58
17 67
37 10
87 41
18 84
89 24
93 37
22 80
59 82
85 48
88 47
59 83
46 72
32 78
3 94
3 7
73 28
89 20
12 9
44 75
98 82
18 84
16 42
24 92
39 74
73 60
94 78
50 83
60 40
85 81
39 14
94 88
59 63
72 82
57 22
3 67
51 6
100 73
16 66
91 75
34 54
32 63
45 27
18 33
13 57
22 3
90 3
65 15
97 100
73 88
55 5
62 76
100 57
74 61
35 67
20 64
79 20
99 3
35 75
31 16
18 99
1 5
19 59
10 66
53 67
23 83
10 59
15 85
45 9
27 40
4 32
3 46
1 82
56 1
69 87
86 39
43 86
97 38
3 13
80 6
40 8
18 54
38 49
9 33
72 35
18 35
33 27
60 20
21 33
19 68
6 89
26 56
94 100
12 22
80 48
55 43
97 19
20 25
9 34
20 28
63 80
59 37
57 95
79 18
85 29
17 97
53 42
41 94
68 98
45 5
47 47
17 52
76 43
29 36
64 84
15 48
37 78
24 73
43 93
21 2
98 79
73 89
82 2
99 65
69 49
47 44
47 16
10 16
51 22
57 38
38 66
43 71
96 74
18 66
19 90
20 38
78 17
70 92
57 11
12 69
64 25
92 58
73 62
35 2
91 76
41 91
13 28
53 36
53 60
49 70
59 72
40 21
12 88
99 9
29 20
97 10
67 44
57 88
41 92
19 91
81 32
11 11
46 94
5 64
85 51
74 54
74 96
83 13
73 37
57 81
90 54
49 53
92 9
52 6
96 33
64 70
80 29
74 26
89 78
28 78
31 26
21 53
17 56
93 3
36 89
94 1
5 25
85 43
48 96
28 36
5 43
23 43
69 85
14 96
74 9
34 93
45 56
12 6
61 61
1 56
8 96
72 95
37 12
59 57
92 84
78 87
81 49
85 1
96 49
58 98
90 21
77 43
1 86
98 40
47 61
56 98
92 54
17 79
35 28
63 75
13 79
27 93
45 94
42 63
60 92
13 51
46 1
38 89
80 46
6 35
32 26
31 13
91 76
55 47
73 78
56 70
62 86
31 34
48 6
49 24
75 59
11 61
1 72
17 48
34 80
57 22
86 17
92 87
85 76
5 47
16 58
95 12
97 29
86 25
100 44
2 34
95 26
97 12
11 47
79 13
86 44
61 35
22 71
99 52
50 58
67 3
15 17
45 61
37 11
7 30
64 37
62 8
72 10
56 59
23 82
78 34
21 9
79 90
41 94
51 77
32 43
59 18
30 46
8 56
85 67
55 14
74 100
9 68
78 97
78 17
2 1
61 7
96 22
15 39
68 89
31 18
35 51
48 41
96 16
82 55
21 33
32 88
8 46
42 93
61 85
37 71
78 62
36 97
88 73
13 2
19 7
57 43
36 5
21 4
10 31
15 54
94 82
27 47
91 1
85 68
91 51
64 74
70 68
92 51
53 57
15 5
99 23
80 71
74 86
17 100
5 84
65 31
29 98
98 44
63 19
21 35
8 53
72 37
87 29
38 16
20 91
66 52
23 70
56 45
96 96
31 24
6 100
98 48
91 87
57 47
81 53
6 78
66 40
69 29
44 52
95 6
57 15
85 60
4 79
27 92
67 99
50 9
56 72
10 99
46 46
51 67
96 78
18 56
84 61
12 86
43 80
94 58
17 99
30 78
21 72
22 8
16 87
11 72
70 24
69 20
38 15
93 19
26 33
45 62
47 62
41 57
66 41
91 34
64 83
54 20
79 84
23 76
47 95
70 85
56 68
35 38
9 94
78 79
40 86
47 23
31 38
78 39
73 96
78 68
40 88
71 84
59 18
64 45
29 57
24 33
23 85
30 10
88 83
68 7
81 79
16 15
53 11
59 45
65 77
64 88
71 4
73 87
31 29
37 89
73 12
48 13
22 95
77 29
87 62
40 45
11 68
30 56
52 15
92 88
76 16
19 55
93 46
27 44
32 76
39 15
27 4
51 86
14 1
62 27
23 52
19 1
8 85
100 1
88 60
75 43
49 15
13 46
89 42
17 91
5 72
75 55
92 84
84 25
4 57
8 45
97 78
63 79
79 5
16 14
56 18
33 42
87 4
97 97
87 27
98 65
71 43
26 73
49 14
70 61
5 52
30 30
60 54
10 92
5 38
7 25
66 12
67 91
87 53
79 64
80 25
68 29
1 51
64 93
54 49
53 86
67 10
15 82
25 26
15 24
48 81
92 73
64 14
18 10
73 50
75 48
76 5
7 94
38 28
29 22
7 91
53 81
62 25
2 67
43 86
18 68
41 90
55 61
70 56
57 72
72 95
99 31
76 47
27 5
26 14
56 55
35 85
9 8
27 48
85 63
30 69
10 2
62 22
77 65
36 31
25 34
16 59
58 75
79 92
5 84
38 57
41 60
20 24
71 1
63 98
18 55
8 45
18 27
91 21
51 47
32 79
37 28
2 99
90 94
29 33
89 46
58 18
41 29
81 29
78 63
69 44
40 95
21 76
96 9
55 64
94 99
78 86
85 30
76 31
63 26
24 56
74 3
83 81
61 14
77 64
59 38
32 45
73 50
58 4
67 68
18 13
50 60
42 95
78 34
12 69
24 40
95 35
15 97
63 77
92 27
64 91
35 2
51 47
50 59
79 9
73 69
28 96
43 22
8 21
41 20
11 19
53 65
13 5
34 19
45 27
17 77
79 60
6 4
62 81
41 7
75 40
36 65
39 55
75 30
49 46
16 16
32 11
68 68
38 96
23 53
29 34
93 91
94 59
92 50
8 56
47 84
49 83
37 34
63 87
32 63
30 63
74 99
66 13
9 93
45 55
88 83
73 25
36 32
33 67
74 79
62 40
22 20
54 10
48 10
73 68
31 31
29 54
67 56
48 94
48 27
9 44
68 87
18 33
51 55
33 50
90 76
96 95
56 63
73 1
20 4
34 97
50 50
57 63
8 68
94 4
47 8
94 54
87 67
21 64
65 37
65 54
100 54
69 60
12 55
58 41
89 31
33 92
6 90
58 89
45 65
72 51
5 43
9 18
81 43
31 82
87 97
3 95
6 86
40 71
63 17
100 50
93 51
40 32
72 98
62 97
100 16
59 86
3 56
98 19
100 35
31 80
75 86
23 33
55 80
49 15
64 17
19 48
31 56
5 59
7 2
18 18
3 58
13 28
46 57
43 62
42 46
83 74
58 68
47 58
72 13
81 47
46 35
90 100
58 76
30 46
63 16
74 99
26 66
74 38
100 71
68 17
42 93
60 3
60 51
15 6
53 31
65 96
95 50
26 6
51 4
19 7
5 13
30 44
82 30
52 56
72 33
25 20
22 65
15 84
89 33
63 30
25 93
43 79
36 71
74 20
26 86
50 44
88 30
11 32
87 69
1 62
81 10
74 77
60 54
86 40
69 100
93 100
30 45
15 87
58 65
50 40
84 35
16 52
83 71
91 26
87 21
30 43
19 20
25 55
94 30
29 63
62 15
11 73
59 92
56 78
17 68
2 58
9 52
74 69
94 43
63 16
10 33
52 44
98 80
9 28
90 43
57 38
10 4
47 68
97 21
40 2
11 13
17 94
62 71
13 90
6 56
40 27
70 15
95 43
70 19
62 3
92 60
15 70
37 2
22 61
14 85
98 13
6 25
47 14
55 68
75 12
90 60
27 14
56 12
30 21
75 25
36 43
13 67
68 2
62 49
34 41
53 28
4 83
48 59
78 50
61 2
14 52
65 51
14 40
12 20
96 43
86 86
52 84
37 98
98 71
63 99
26 83
17 68
78 81
30 16
18 55
6 43
45 83
74 70
41 58
52 85
22 88
23 37
86 74
96 60
10 36
18 11
78 87
67 35
2 55
9 48
90 19
53 66
35 86
43 26
62 27
66 95
83 84
9 41
52 69
4 4
14 13
99 73
59 43
97 17
64 61
31 57
22 6
91 84
61 8
86 86
80 23
6 52
92 14
34 66
69 95
7 37
62 35
77 57
73 20
80 26
82 88
45 63
98 4
11 88
73 58
32 97
100 4
17 89
54 43
37 51
39 75
9 95
51 100
72 37
62 75
62 3
65 44
99 59
46 62
72 61
9 18
73 55
96 8
2 89
91 1
75 90
84 30
81 35
72 34
8 52
7 33
76 22
80 71
85 74
35 77
46 8
14 43
3 18
58 9
10 4
94 49
30 36
71 29
63 62
66 42
26 22
95 72
94 2
27 26
2 30
37 13
8 47
16 3
63 62
17 74
74 24
60 10
91 3
64 82
23 5
26 29
100 48
1 73
98 46
75 80
44 52
50 64
66 3
64 66
91 80
4 81
42 64
66 63
44 32
36 81
62 18
17 14
86 13
58 70
1 83
86 33
48 44
47 36
53 13
92 10
90 43
6 47
9 84
15 23
55 4
73 51
64 16
29 90
11 1
35 38
22 11
54 21
56 69
33 100
62 8
50 25
23 3
86 7
81 32
87 53
3 35
51 60
1 18
70 31
68 11
73 4
24 90
58 26
78 79
38 91
67 91
93 39
97 89
72 31
83 77
12 11
22 37
6 62
92 74
36 75
78 11
52 8
33 2
32 10
52 62
52 22
60 70
10 97
27 57
33 34
96 61
97 96
57 17
42 2
28 100
63 77
84 5
58 14
75 68
30 42
63 26
47 33
29 74
82 9
42 7
19 15
10 37
5 15
68 19
70 46
74 47
52 32
46 57
24 61
2 20
98 5
38 16
90 96
4 18
77 71
37 97
33 95
62 99
69 89
86 29
28 38
22 59
67 79
91 67
38 43
47 45
60 87
83 36
6 49
72 86
83 82
28 8
58 67
8 89
70 26
64 93
4 97
27 85
3 70
12 17
61 40
27 11
98 73
21 61
46 3
36 92
52 28
47 64
52 9
35 54
98 21
17 50
86 1
23 43
12 88
79 34
96 24
96 57
17 94
48 17
60 63
42 84
47 63
24 40
93 98
71 58
59 91
43 87
82 44
31 65
51 93
16 61
18 98
91 64
80 34
48 39
74 91
6 42
81 20
69 29
38 26
68 39
26 96
91 10
75 59
3 73
33 77
74 70
33 50
36 17
7 64
55 83
76 80
99 12
40 57
34 67
6 29
24 1
10 83
93 66
38 36
12 95
64 70
20 38
54 49
12 7
89 60
39 18
29 17
25 37
55 20
48 58
58 12
46 23
88 67
3 38
84 25
95 66
3 100
48 66
72 56
67 59
77 12
28 5
93 57
77 52
9 100
11 24
47 66
33 9
98 34
59 87
4 82
33 5
70 7
14 80
90 41
52 81
85 18
75 80
83 30
29 51
26 92
57 91
99 24
58 41
79 97
30 68
24 83
89 62
93 93
33 54
34 82
52 36
67 71
100 26
28 50
41 80
70 5
29 49
42 21
69 38
57 72
54 50
63 80
72 94
48 55
88 56
43 33
3 39
16 10
59 54
85 43
48 51
51 7
27 28
65 44
16 47
96 21
52 69
15 58
12 75
30 62
46 51
90 72
33 49
54 5
100 43
93 91
97 99
78 96
39 23
69 42
14 54
75 16
73 65
39 89
50 36
86 20
43 47
95 75
32 76
18 1
91 83
33 63
10 39
13 10
3 48
54 33
48 16
32 28
16 20
55 22
41 17
63 40
67 35
62 10
62 50
84 32
94 4
42 16
25 55
2 54
86 27
94 7
34 85
4 25
98 1
69 10
1 38
24 84
93 19
68 86
17 6
9 51
66 62
68 2
7 42
68 69
76 44
28 61
37 61
14 83
92 34
23 82
65 92
11 47
84 9
66 30
81 52
65 26
27 98
40 32
52 85
28 59
72 79
92 7
89 60
94 5
86 80
24 68
66 3
63 86
15 49
52 29
6 47
97 16
99 85
69 88
46 51
29 49
55 69
29 20
76 44
75 74
41 14
16 50
87 7
7 30
10 54
100 59
26 16
100 48
35 25
27 20
68 33
53 7
79 23
18 81
54 54
67 92
94 95
53 34
16 80
33 59
69 25
40 85
32 95
71 91
11 19
51 97
55 78
52 3
36 33
39 69
13 89
35 5
91 6
37 87
98 6
30 70
54 66
12 22
12 37
55 82
30 74
52 57
12 85
69 55
24 47
87 7
64 88
93 74
12 54
11 81
50 9
75 92
13 55
92 86
20 77
2 98
55 49
85 53
60 66
64 54
12 83
70 50
23 75
80 14
46 87
95 90
34 96
2 21
59 46
74 93
43 78
78 76
80 97
14 63
68 39
73 77
78 79
54 94
59 53
39 85
27 5
100 85
6 60
57 53
46 64
41 83
58 88
36 18
32 89
80 49
77 99
78 52
98 6
58 83
19 56
60 48
33 45
4 11
64 38
53 13
95 61
100 45
14 4
92 87
87 46
44 71
75 63
20 73
55 72
79 30
77 74
70 91
53 61
50 26
38 16
28 2
46 84
87 79
65 60
57 78
1 51
65 100
73 27
50 85
14 79
4 28
70 42
3 74
99 23
90 4
6 88
71 18
96 3
14 57
86 13
63 70
22 38
64 28
64 46
24 65
93 29
70 80
53 62
84 24
28 3
42 74
43 85
39 12
20 90
2 5
26 57
95 17
96 47
92 10
75 59
87 68
47 19
32 8
32 51
5 16
41 11
95 46
9 35
76 85
89 80
36 30
46 15
13 82
44 41
51 5
24 18
88 89
96 22
24 19
86 79
89 28
25 26
12 35
20 33
64 88
17 8
74 99
33 14
6 87
43 76
45 56
96 18
39 32
50 91
70 62
41 36
13 10
45 65
49 77
16 64
23 12
62 84
97 49
35 94
21 2
9 77
46 65
48 4
46 84
97 98
85 67
77 89
53 49
25 21
36 1
64 40
23 10
58 25
71 19
72 92
20 43
60 32
87 65
100 7
56 85
51 48
36 92
41 27
99 88
40 65
57 34
44 55
80 79
50 53
97 2
44 73
57 68
33 3
62 95
79 84
32 17
61 30
8 19
7 1
17 7
92 98
53 73
52 87
40 84
37 1
25 36
3 80
35 81
76 87
71 96
64 54
35 54
72 24
76 43
1 30
80 93
65 92
79 84
19 16
68 70
5 55
34 93
25 59
46 20
67 100
6 68
73 31
6 92
86 44
26 82
74 86
30 5
40 38
6 60
29 58
12 73
17 85
43 97
17 94
93 88
7 35
17 50
42 79
23 23
56 27
65 100
56 81
70 94
5 95
52 75
100 33
69 15
11 68
61 11
99 79
14 6
55 57
36 30
4 48
27 10
9 59
91 91
36 16
10 61
35 40
24 13
27 86
6 92
54 37
68 66
71 4
61 81
62 78
25 96
5 66
76 3
93 65
80 67
27 80
71 41
53 13
51 46
89 31
19 56
21 43
46 86
18 44
73 58
53 80
97 97
52 9
73 72
90 44
76 4
44 68
81 46
92 96
26 83
38 32
74 45
82 10
53 72
29 100
79 77
74 34
42 75
98 25
20 67
70 88
55 95
93 14
61 87
69 36
67 87
83 58
68 41
64 64
15 72
49 92
25 45
19 74
50 19
85 69
8 21
68 54
67 14
1 60
95 28
66 21
31 13
53 100
15 50
73 16
60 30
74 73
98 36
54 45
13 47
20 90
44 72
85 39
50 62
41 37
10 44
8 6
5 40
41 61
28 72
1 13
86 39
75 74
18 83
82 80
70 82
5 1
91 65
26 90
78 40
35 67
24 87
78 42
54 81
52 18
31 34
72 52
77 16
50 98
30 47
80 31
83 51
15 85
74 73
12 92
58 51
90 46
40 34
66 67
37 93
26 17
20 67
34 50
47 48
94 35
66 76
26 74
58 100
73 92
84 83
85 36
34 93
78 74
93 73
65 43
59 81
99 43
92 30
78 32
18 38
66 23
96 83
83 43
35 5
87 7
94 70
62 72
97 27
51 40
34 41
21 16
58 93
74 19
2 1
38 3
26 20
54 55
98 73
78 88
94 84
5 64
87 40
66 66
57 36
28 17
84 91
35 49
19 93
93 60
63 21
92 82
37 88
60 45
33 86
21 89
5 78
17 25
42 43
78 35
3 51
93 6
6 38
30 27
38 24
96 74
55 100
39 39
84 43
80 51
39 68
97 52
28 43
86 66
52 70
72 15
72 54
91 64
42 29
5 72
45 79
31 100
91 51
94 69
71 74
93 25
77 62
56 41
6 56
77 41
8 57
62 48
11 31
60 52
23 4
83 64
15 67
70 65
85 5
78 15
39 56
17 22
63 67
23 24
17 20
77 99
99 24
54 38
42 61
65 13
28 64
83 99
63 43
47 52
66 47
54 77
98 56
75 22
46 12
32 97
47 62
37 60
97 45
6 90
55 38
54 22
20 82
24 88
91 82
80 71
99 8
63 86
7 96
60 37
85 4
65 91
50 84
80 53
95 98
88 37
58 49
82 41
80 77
10 58
80 70
77 90
27 78
25 91
28 33
37 84
74 64
47 53
6 75
73 79
15 100
100 60
52 73
49 33
90 31
52 11
52 69
98 28
70 78
62 23
6 49
13 98
3 32
6 11
89 60
11 78
89 56
28 10
42 92
74 28
38 84
52 25
4 89
18 50
24 74
22 80
29 29
60 86
49 31
42 66
95 89
44 52
13 36
27 71
51 7
90 1
25 88
29 93
94 81
54 46
77 17
98 27
65 6
88 57
74 13
1 30
33 21
56 97
67 46
4 34
34 17
57 93
37 11
43 85
82 83
51 48
74 59
64 48
57 90
2 3
32 30
2 55
51 65
62 9
43 69
86 65
9 28
90 94
30 97
79 32
79 63
21 30
77 5
94 36
39 85
67 96
2 22
38 68
77 52
20 99
15 71
98 57
2 75
72 88
19 31
94 50
79 50
54 66
54 8
92 47
94 44
65 58
78 95
98 55
53 54
76 70
26 20
94 73
12 28
10 65
67 31
80 3
69 97
4 85
31 74
17 48
57 77
23 81
35 34
39 21
90 40
11 14
39 67
46 4
21 50
80 56
58 87
83 11
47 78
51 39
38 30
6 67
100 94
80 28
100 86
77 18
84 89
8 39
95 22
71 53
8 15
53 3
65 18
95 87
25 12
41 98
16 14
60 98
25 67
5 39
8 25
65 33
72 91
64 72
25 66
32 35
89 84
1 84
70 5
68 48
45 47
60 8
57 12
79 19
9 34
10 35
67 17
59 74
98 38
55 23
9 74
57 86
69 49
53 58
5 91
37 21
80 1
12 48
19 37
22 42
76 27
95 31
4 43
32 54
28 53
26 39
24 88
36 83
92 45
35 40
60 96
48 23
70 92
80 59
1 40
67 1
31 28
22 61
66 86
39 54
92 93
80 16
50 67
11 67
7 41
88 97
71 18
9 35
94 41
32 88
88 46
73 98
11 70
56 95
100 28
73 46
61 43
61 52
71 11
3 72
20 77
94 91
25 91
83 3
42 70
15 14
64 82
51 40
86 26
53 58
3 37
79 25
29 16
78 39
62 99
27 80
70 34
76 20
74 47
16 58
23 68
49 83
74 38
63 51
9 59
47 16
92 63
30 25
15 72
70 7
39 29
14 96
68 8
54 89
46 93
60 22
4 20
58 8
11 77
87 20
87 71
85 33
9 31
2 15
73 75
55 72
19 11
71 68
56 38
31 76
97 53
73 90
50 52
80 30
1 60
82 18
2 88
70 66
32 10
37 71
94 5
67 91
11 13
50 89
65 66
71 32
22 13
17 43
24 23
34 96
14 24
63 15
80 67
29 32
3 12
68 65
7 96
60 34
23 17
35 62
93 39
3 5
99 66
88 19
15 22
97 21
87 80
46 60
43 67
30 74
90 97
93 97
82 49
17 4
65 4
94 51
7 10
75 97
67 5
78 15
87 33
12 75
34 74
92 10
35 28
25 21
17 77
25 69
72 98
54 41
44 89
98 99
95 2
7 24
90 14
46 36
10 77
2 58
19 95
23 93
13 5
81 47
67 29
78 57
50 38
78 31
30 45
46 27
3 76
89 4
40 92
20 35
44 1
96 21
13 14
18 18
16 77
5 51
7 82
71 35
17 8
52 49
27 46
74 50
53 29
21 14
100 44
45 40
13 95
8 92
9 77
54 26
28 76
57 10
44 34
94 79
79 61
58 45
46 6
34 83
97 51
94 6
46 48
43 90
81 10
86 50
27 41
16 39
49 54
40 24
55 92
52 33
29 33
38 62
44 75
25 72
77 40
40 70
12 74
83 82
31 44
85 69
59 58
63 52
28 7
51 2
34 82
14 54
15 15
89 52
75 59
50 65
86 3
77 89
70 49
93 11
31 53
10 77
80 90
96 72
26 7
88 46
100 11
25 2
5 66
24 65
81 31
33 26
14 67
15 9
72 36
88 7
35 2
91 49
72 67
73 39
36 97
8 13
14 87
53 84
49 70
100 28
53 29
47 32
93 19
54 14
72 64
65 93
41 59
25 8
46 64
61 97
9 33
72 20
3 74
95 24
3 3
84 94
78 8
26 82
95 70
85 31
23 67
77 1
8 15
78 1
97 5
38 90
9 58
31 9
84 64
18 78
71 38
45 1
35 100
21 70
52 29
47 5
6 74
40 23
23 65
70 18
7 72
29 59
19 68
83 11
88 2
39 100
53 11
62 36
5 87
67 83
39 57
82 14
88 96
61 22
39 63
34 30
88 97
64 14
76 58
11 46
98 16
26 1
36 50
88 39
21 41
49 54
19 12
7 82
3 59
21 67
48 93
42 54
19 87
44 5
3 94
9 54
55 52
53 86
25 90
82 40
45 97
8 30
64 16
74 15
33 66
11 94
99 81
67 52
8 17
62 11
16 62
13 23
60 70
60 65
56 36
33 41
23 1
16 92
58 86
3 89
34 91
23 13
16 32
100 89
51 24
85 13
35 67
88 98
14 95
30 47
40 70
22 14
58 14
51 37
77 15
57 5
70 10
41 79
20 85
60 92
4 70
88 45
94 39
85 76
74 59
28 66
32 65
78 49
37 89
3 80
85 13
74 60
90 6
90 66
57 9
79 2
98 61
51 18
45 43
1 87
4 19
83 81
29 35
23 13
44 18
82 78
89 80
85 56
21 78
87 27
28 30
90 17
86 25
67 92
30 31
49 67
47 33
68 83
47 28
97 42
71 91
22 78
33 59
89 7
33 54
35 27
95 60
36 24
67 80
10 2
20 96
80 10
45 19
98 99
41 43
85 94
71 63
74 7
13 4
9 62
88 97
8 95
18 82
13 43
96 36
83 23
84 15
85 62
13 28
71 82
75 53
67 7
13 98
53 40
53 25
73 13
7 92
25 80
74 76
11 38
12 69
36 45
58 95
75 20
54 70
74 97
3 80
77 41
32 16
92 29
41 85
76 17
96 47
74 1
90 22
42 84
80 1
47 77
49 38
7 21
69 2
33 81
73 72
39 10
90 4
40 82
98 31
29 68
20 46
67 3
38 9
9 8
37 70
7 7
28 85
38 65
97 48
71 22
31 69
25 61
43 21
3 16
83 92
37 83
85 2
62 55
15 75
44 22
29 51
87 2
66 8
55 76
97 15
35 26
38 28
100 59
27 80
24 2
84 9
63 60
67 21
47 24
46 81
31 90
43 74
81 69
44 60
74 87
12 40
19 9
19 2
81 18
71 45
6 4
16 7
27 68
91 34
14 73
14 36
9 96
64 8
67 41
28 7
98 41
1 91
92 69
38 19
16 25
80 61
67 21
88 95
80 93
17 78
66 93
88 82
89 74
67 3
61 55
47 94
36 59
79 47
18 28
4 16
76 33
53 83
30 42
86 92
69 9
2 54
35 34
60 41
44 75
30 78
23 4
14 28
27 58
37 92
60 44
76 40
23 35
29 80
71 52
60 66
20 91
77 13
54 6
81 36
65 97
52 62
41 87
44 66
9 67
10 81
20 68
55 37
68 94
45 35
52 38
29 57
69 71
29 57
92 74
22 61
22 8
94 74
91 62
81 37
69 51
71 90
79 41
34 25
11 46
36 31
39 62
85 16
72 7
81 13
73 15
22 2
27 46
59 15
3 69
20 39
81 24
64 90
66 11
56 49
31 76
37 91
58 69
28 21
85 29
43 60
13 9
54 64
30 92
60 65
3 85
8 79
68 35
45 23
23 33
60 1
43 54
74 49
21 1
81 53
64 6
14 24
39 77
68 20
84 21
5 27
58 38
73 12
86 25
10 17
69 8
13 21
69 64
16 39
91 90
95 96
19 55
83 60
79 10
30 2
28 14
52 86
97 37
14 24
92 34
41 23
95 13
76 6
44 64
53 91
38 86
92 99
10 9
18 74
75 41
54 99
84 55
91 5
80 32
65 4
78 72
84 57
62 73
36 11
53 5
91 40
90 90
98 82
8 99
39 67
17 82
88 93
97 52
83 31
34 77
100 47
56 64
36 35
45 17
22 23
14 97
38 64
97 3
1 88
6 4
38 40
32 23
74 25
55 80
8 9
7 41
56 59
93 62
79 91
65 37
85 52
15 78
80 23
10 11
15 80
71 67
89 52
28 54
86 15
23 35
27 45
4 29
91 82
24 96
85 21
72 88
17 69
43 86
96 96
27 4
71 62
65 50
3 59
25 93
79 88
85 47
28 5
38 88
83 70
90 61
100 19
88 61
46 16
63 30
34 41
55 89
90 4
14 19
63 93
32 91
89 41
97 16
55 16
85 34
46 90
8 74
34 45
60 95
77 79
72 22
63 62
17 26
96 52
96 82
72 59
99 80
47 61
76 48
33 2
91 13
86 79
23 98
45 20
50 35
8 21
82 73
50 22
26 98
79 46
4 73
52 3
63 54
1 51
52 90
2 34
64 94
43 88
59 86
72 87
59 60
33 32
53 92
89 34
79 78
51 20
74 34
40 54
4 36
77 92
77 7
52 79
18 40
78 95
33 28
87 49
80 92
83 71
5 85
14 24
95 35
21 16
70 68
55 60
51 25
84 31
61 28
19 35
81 78
5 96
45 14
57 44
14 76
12 39
14 70
57 26
41 8
27 77
88 10
87 81
64 90
69 22
8 24
2 88
83 89
54 58
1 79
7 62
100 67
36 18
43 66
25 44
72 84
45 52
84 59
49 83
4 47
23 69
56 12
52 76
33 91
69 5
66 86
52 27
45 17
34 39
83 39
22 59
10 54
65 19
1 45
44 65
33 5
16 66
93 41
31 19
75 25
62 51
78 40
8 13
4 22
60 42
100 86
91 34
52 61
5 55
19 4
8 48
65 4
44 75
93 57
34 74
24 67
58 95
60 53
74 18
11 63
100 86
71 62
22 42
49 74
77 78
26 19
22 37
11 42
99 17
90 56
74 32
78 66
18 84
53 37
51 44
81 63
76 2
44 51
24 97
74 44
62 52
88 51
93 84
52 51
58 43
26 42
59 83
18 3
92 76
71 70
84 42
96 51
53 59
7 91
34 28
80 33
83 95
30 19
69 27
21 82
75 78
61 46
1 33
60 30
100 92
85 83
33 35
94 80
22 86
13 100
84 55
2 44
63 67
45 31
64 83
61 66
63 90
74 73
2 63
54 86
68 53
88 91
22 52
89 33
84 44
98 54
97 68
86 99
82 11
94 82
99 97
87 6
30 62
76 60
45 31
36 30
72 64
16 75
7 93
36 4
57 42
9 86
36 6
16 46
28 17
66 9
14 26
39 52
63 95
78 15
96 60
75 13
87 67
59 90
46 45
86 47
32 54
59 47
92 67
36 75
83 71
49 53
4 49
43 87
1 18
29 72
84 48
14 4
45 22
66 25
71 90
44 4
50 54
72 2
28 93
16 59
11 11
11 64
50 66
36 5
77 3
2 64
19 12
34 16
92 64
5 51
54 14
67 48
2 55
100 90
49 29
91 15
78 11
77 53
10 79
33 64
27 86
49 35
2 46
61 82
33 93
58 65
65 38
93 76
65 18
98 44
58 65
28 41
93 87
65 4
67 2
39 98
84 45
42 88
21 85
29 2
19 5
43 38
13 83
52 87
30 29
94 49
89 39
25 21
76 34
87 89
38 94
90 26
65 73
9 32
85 37
42 37
74 3
37 84
22 38
67 88
37 3
41 12
32 77
10 65
5 59
4 97
74 95
67 93
24 38
74 76
64 9
63 67
50 90
27 100
87 23
25 93
4 75
52 65
81 87
97 61
57 38
32 100
93 30
19 98
73 68
28 45
11 89
78 91
90 13
35 4
49 28
3 12
28 4
43 54
66 9
98 39
39 75
4 29
26 83
50 75
71 51
39 78
68 33
45 16
71 9
36 32
43 71
75 90
43 70
30 69
7 61
35 79
7 97
79 90
64 85
35 29
58 86
19 25
92 25
85 15
46 14
85 20
62 40
62 11
79 4
16 43
22 85
82 50
40 28
12 12
92 55
93 98
74 49
25 11
25 65
79 9
81 23
62 15
25 42
97 23
18 3
39 13
62 39
66 72
84 53
60 30
79 27
76 52
62 5
21 100
9 38
60 51
65 41
82 74
48 41
95 78
90 65
3 34
57 4
8 21
2 92
19 67
18 32
36 46
45 31
69 57
7 5
45 80
53 24
64 26
56 1
65 59
44 97
100 20
40 100
44 60
26 93
24 62
7 44
26 60
68 3
60 94
26 74
97 4
82 78
30 13
71 37
33 47
66 14
65 85
44 5
49 8
21 69
64 72
31 79
34 90
35 50
24 93
96 60
90 72
84 29
65 19
65 6
19 50
34 30
86 36
95 29
49 34
58 68
46 65
6 88
38 31
23 40
52 13
36 71
99 41
59 20
25 16
65 76
5 96
83 50
78 43
28 77
44 78
42 85
25 42
72 47
87 14
78 95
17 38
30 13
84 15
30 88
63 9
56 94
95 20
14 38
14 72
50 93
78 10
51 43
90 54
67 22
68 28
17 44
8 84
51 46
33 92
52 80
26 48
19 7
96 20
44 32
24 61
70 45
87 53
6 72
46 76
55 24
19 13
49 71
16 27
18 99
30 49
48 21
79 55
27 66
49 74
86 22
66 24
29 8
79 4
32 34
10 24
37 86
57 28
54 37
35 72
72 23
43 64
71 19
36 73
46 49
70 36
60 84
91 87
90 88
73 69
45 21
7 82
62 33
69 15
86 15
90 55
70 58
28 84
57 40
40 16
51 54
37 9
47 62
1 79
100 37
9 74
7 44
76 67
81 68
35 44
50 67
76 76
59 19
59 3
70 67
21 50
59 21
82 9
40 57
93 35
60 39
82 2
68 66
86 9
4 1
67 72
47 53
71 94
48 57
24 81
31 18
38 96
56 41
97 71
5 95
85 42
95 16
34 18
26 14
14 19
42 29
33 32
25 40
96 4
36 73
90 71
18 18
10 79
49 74
20 7
100 6
21 57
74 94
7 54
24 100
80 21
4 65
4 65
20 29
1 52
22 55
73 42
20 40
65 34
40 20
25 36
92 39
84 98
3 66
17 91
63 27
43 48
12 66
46 47
50 31
38 98
39 71
62 62
95 58
78 78
14 87
25 54
51 57
22 61
3 54
80 90
90 65
82 74
72 1
84 80
77 21
44 21
82 16
73 5
35 76
62 2
56 48
4 39
99 6
11 78
19 1
17 42
16 8
9 50
29 87
60 44
64 58
73 3
59 45
72 97
99 93
40 34
24 6
63 96
25 74
26 74
67 43
3 94
43 82
21 63
6 24
81 80
82 69
65 5
1 92
85 36
21 51
56 76
23 44
69 71
44 47
42 94
87 10
44 44
6 82
57 16
95 63
31 37
93 28
19 95
82 93
96 55
31 3
98 3
73 53
52 67
60 68
30 45
88 99
32 73
40 45
7 88
76 34
13 89
83 68
60 83
38 64
18 7
10 20
24 16
34 82
2 75
19 45
43 31
55 58
54 74
13 94
79 12
100 88
55 91
25 34
50 67
73 62
81 19
34 34
68 5
31 67
64 69
99 2
59 6
32 5
98 65
76 44
32 28
18 28
61 38
4 42
56 62
81 77
10 88
44 66
85 29
97 75
76 48
5 47
51 86
2 36
32 100
27 78
5 15
52 96
90 17
31 56
84 45
84 11
28 45
74 28
54 12
59 70
17 81
18 64
51 19
71 20
97 82
96 97
45 53
21 100
55 34
30 51
13 38
34 65
92 41
52 7
29 97
77 63
26 97
15 95
14 28
10 85
34 62
66 57
56 30
15 38
89 62
51 44
60 53
45 85
91 4
100 49
11 19
15 77
23 88
15 82
18 88
49 76
33 3
32 66
3 40
2 46
41 43
96 52
36 1
4 92
40 79
49 3
31 2
41 64
97 53
40 56
83 14
69 40
5 67
7 100
98 60
2 60
11 38
90 49
41 99
29 45
100 80
34 77
92 30
35 74
81 40
54 26
66 64
30 22
73 22
81 88
47 70
8 35
83 10
8 49
94 23
55 88
64 93
22 88
13 8
47 8
34 94
9 52
25 51
24 38
26 98
67 5
39 72
81 26
27 73
96 40
27 20
12 2
89 43
2 85
45 53
46 48
100 78
80 54
44 76
73 3
59 21
92 92
69 49
22 25
16 95
66 69
70 95
37 77
14 10
62 38
37 58
87 60
65 88
64 66
20 8
28 88
79 79
27 72
48 100
94 100
68 63
57 12
88 37
46 45
34 53
62 8
67 71
58 100
17 83
91 73
61 37
15 70
41 91
90 93
93 40
3 36
47 60
97 11
8 86
91 94
53 41
63 52
4 19
2 73
45 20
56 44
13 57
48 22
15 6
45 89
24 59
18 99
62 22
60 66
12 69
61 50
53 64
35 24
48 56
28 88
31 92
1 83
5 95
100 48
36 71
29 97
95 12
85 98
16 56
76 44
93 27
90 37
60 98
5 24
11 7
50 32
15 93
88 50
49 71
93 39
35 37
100 73
22 82
89 84
80 37
15 65
53 24
21 57
80 12
70 26
57 43
87 71
73 23
45 74
65 73
9 89
61 99
32 60
96 83
71 73
37 75
98 38
94 89
52 71
96 25
19 73
95 4
79 6
31 19
92 75
64 95
46 52
12 24
58 77
49 7
33 81
18 37
77 30
100 63
87 80
52 47
3 58
63 99
17 33
7 93
88 8
12 70
46 33
61 23
81 3
35 10
98 13
94 4
66 75
54 46
92 5
62 58
56 46
78 76
20 72
32 85
54 7
91 43
17 99
54 52
13 49
13 40
44 62
36 6
51 61
17 42
99 95
40 30
5 6
29 18
54 25
83 12
6 7
58 26
29 22
70 63
2 41
54 82
40 97
58 42
83 90
36 74
4 33
90 76
45 60
36 18
30 98
56 19
44 35
9 13
27 72
64 30
12 81
77 17
58 3
92 86
12 92
24 80
55 67
26 13
83 51
48 62
32 64
50 3
68 75
98 58
88 46
26 61
29 51
53 3
40 39
30 96
75 51
17 6
70 81
83 95
56 52
15 30
85 87
13 17
74 4
49 10
22 13
63 27
29 50
40 67
15 20
71 70
27 41
74 39
33 96
100 56
38 40
26 66
82 74
29 90
51 56
20 77
3 72
74 83
1 83
3 13
34 67
8 25
63 60
8 81
88 96
35 7
72 25
50 13
54 6
13 78
55 5
28 32
66 9
44 1
66 67
33 98
22 51
63 92
72 36
83 70
28 12
36 70
82 51
56 86
63 87
91 68
100 69
30 19
71 65
83 25
22 88
39 68
59 95
30 1
22 83
94 13
82 1
51 81
66 15
1 59
78 81
1 44
14 29
46 30
6 84
72 28
47 27
21 62
62 6
40 3
67 35
35 33
13 48
14 37
47 31
11 66
9 25
5 63
45 74
58 50
30 50
29 81
42 76
33 49
3 55
89 72
4 69
16 75
63 69
99 81
99 62
86 61
23 7
33 42
92 19
69 90
70 21
48 97
97 63
17 81
52 100
68 57
31 8
76 36
68 45
6 26
38 66
25 43
85 12
31 57
98 28
48 51
47 19
81 47
27 95
46 97
53 79
38 66
53 35
31 65
90 20
38 37
31 27
38 62
18 15
42 20
70 67
85 41
88 68
63 65
61 66
96 60
25 65
51 33
97 77
97 81
17 38
16 34
47 48
14 54
25 16
82 8
100 95
62 66
30 39
5 76
36 42
58 52
85 60
37 8
88 33
71 85
70 5
4 86
91 16
31 69
76 68
62 64
29 28
66 75
3 10
51 22
74 38
49 8
67 58
42 37
73 54
10 64
2 42
9 13
82 92
11 39
2 9
36 72
47 82
91 2
75 1
38 93
52 48
5 38
75 18
72 99
62 47
41 81
46 63
7 49
40 79
39 17
41 93
75 75
28 39
39 17
10 2
50 76
65 61
31 6
4 39
38 2
34 18
80 78
78 79
9 38
55 17
10 48
74 95
85 36
52 53
54 23
50 61
74 55
13 14
53 4
57 68
85 42
71 90
21 17
54 48
65 29
28 60
6 26
61 1
53 90
12 12
25 59
65 61
75 98
1 77
45 79
72 57
98 29
97 42
41 18
99 51
62 57
82 78
79 20
9 42
6 83
93 73
85 30
79 58
34 11
41 79
87 30
59 12
5 36
54 7
9 46
2 4
81 71
90 84
77 11
46 50
22 34
63 38
47 7
69 93
23 81
62 10
21 9
97 72
79 78
23 2
5 87
57 76
11 37
100 98
48 40
73 45
34 21
79 88
80 81
13 48
57 3
63 26
98 29
6 59
60 76
62 80
56 16
53 71
68 66
5 4
48 67
88 30
17 33
65 66
13 48
50 29
55 21
50 13
23 52
27 7
87 83
98 40
10 94
11 2
5 30
96 68
97 4
89 83
1 65
12 5
34 13
86 62
26 40
91 35
93 48
30 69
8 79
24 80
33 70
51 35
54 90
45 46
81 2
66 85
90 33
97 77
90 23
62 82
16 15
15 4
72 61
91 96
27 31
52 15
1 60
1 2
100 54
55 97
82 32
64 72
100 71
45 60
42 90
56 6
61 9
69 70
18 84
14 60
26 44
55 18
19 26
31 55
52 70
1 37
8 85
55 64
24 7
48 99
56 17
25 4
25 16
99 46
57 42
38 64
81 82
59 92
99 52
73 89
25 50
34 74
89 84
90 40
90 64
80 38
93 45
12 57
54 69
11 62
25 10
91 100
91 58
61 49
89 89
90 33
58 13
96 75
14 47
10 37
74 3
99 42
98 18
87 62
23 51
12 49
48 48
57 2
2 38
79 17
1 90
54 68
43 59
5 1
37 8
63 66
7 63
80 13
75 56
58 66
66 97
96 69
22 13
3 52
20 75
64 81
100 21
31 69
69 94
54 87
52 6
68 16
80 11
18 99
17 54
3 76
96 82
95 98
2 70
44 49
81 21
93 60
28 80
74 23
61 97
2 27
94 13
75 21
19 73
79 92
19 87
69 81
30 67
36 15
63 31
4 79
38 43
74 96
71 18
14 47
25 31
95 67
87 70
43 69
13 57
44 73
53 83
49 64
78 82
13 84
15 92
86 68
63 4
21 59
58 85
68 34
100 34
4 62
83 38
47 98
70 47
29 90
5 22
55 78
13 82
25 19
86 79
83 10
20 1
85 55
41 77
11 4
18 92
82 66
63 100
98 28
17 32
5 26
55 21
54 59
78 20
98 78
39 63
15 32
39 58
87 52
55 79
70 97
62 72
23 51
30 24
7 20
98 46
18 11
69 4
23 23
52 98
13 73
56 90
100 27
78 94
72 86
34 33
4 94
96 95
70 27
98 26
23 28
38 95
99 93
67 58
56 73
97 19
60 68
46 53
46 59
96 24
8 70
63 29
75 11
89 10
35 44
71 87
33 10
2 60
18 83
8 68
38 73
92 4
56 98
8 37
60 54
23 4
32 67
30 37
46 7
2 70
8 81
90 73
84 41
75 43
10 1
73 82
38 48
97 16
53 45
98 4
7 64
31 72
8 39
97 12
33 54
34 98
22 41
33 75
17 6
6 7
41 78
25 31
46 30
74 21
77 50
14 72
43 83
73 96
7 3
56 69
19 39
31 41
15 40
97 63
22 83
60 55
37 14
43 37
9 82
32 16
39 85
68 45
40 34
36 92
61 98
88 91
83 31
22 19
33 97
79 19
73 6
71 90
26 9
42 13
81 35
19 25
21 71
56 38
30 12
61 91
33 42
72 49
19 15
63 93
11 3
61 93
83 35
95 31
96 60
94 89
13 28
98 65
2 34
97 54
96 83
24 58
58 81
95 95
40 76
30 10
2 2
37 90
73 84
44 83
71 68
95 89
53 36
21 44
97 7
89 17
74 45
25 65
59 83
10 71
80 50
52 40
81 82
17 40
22 53
72 60
1 45
80 66
10 5
11 100
16 58
2 52
16 42
76 78
49 26
76 86
77 28
9 27
18 57
62 26
37 39
35 33
99 89
94 14
13 60
69 56
7 81
74 23
100 22
48 49
34 100
28 75
1 10
19 88
65 18
8 80
12 54
42 43
8 62
73 35
91 73
53 42
16 49
71 26
26 15
67 70
44 12
21 94
33 96
65 91
70 98
3 24
18 34
95 44
31 26
98 20
61 73
21 2
79 76
42 91
12 4
15 8
53 7
2 88
30 38
87 18
42 100
33 89
32 59
36 79
98 14
86 85
86 10
37 7
49 64
20 31
38 61
67 86
25 43
32 21
38 55
6 18
6 79
90 90
68 89
3 77
62 18
27 88
94 47
63 64
94 95
55 34
71 83
77 73
93 96
2 8
77 83
61 7
96 82
23 2
79 15
32 25
64 40
38 59
74 10
4 52
37 19
1 10
82 8
3 30
89 27
9 56
62 66
47 21
23 9
23 69
45 53
44 55
65 9
18 81
85 38
56 73
82 21
28 8
89 15
41 82
37 78
43 49
22 50
58 41
10 44
48 81
87 6
66 91
23 51
88 35
7 7
80 95
54 88
55 7
41 43
20 95
96 29
79 62
54 17
12 88
68 15
21 59
49 54
56 86
21 23
30 95
89 79
19 9
67 43
37 73
67 59
88 8
69 14
30 18
5 74
89 41
51 25
30 9
46 99
22 86
80 66
45 3
63 21
15 63
87 81
40 51
58 53
67 79
48 78
3 48
41 4
28 91
99 91
42 10
47 97
14 15
69 78
98 58
72 83
63 64
66 10
