460
8 9958
25 9954
54 9947
64 9932
84 9930
102 9893
104 9885
109 9884
119 9860
136 9851
171 9850
195 9841
246 9839
247 9836
247 9830
260 9826
269 9820
286 9812
297 9809
322 9807
341 9804
346 9788
356 9773
386 9771
403 9766
403 9757
404 9743
405 9740
417 9738
424 9738
486 9736
495 9724
519 9703
522 9695
534 9690
538 9667
542 9666
552 9655
562 9627
586 9622
602 9607
621 9606
627 9590
631 9575
633 9573
643 9572
650 9528
651 9528
652 9517
693 9506
719 9500
719 9489
720 9476
736 9459
768 9446
796 9441
811 9427
816 9415
825 9414
852 9412
891 9408
912 9405
913 9399
961 9396
981 9389
990 9380
997 9363
1004 9363
1011 9359
1040 9356
1050 9352
1050 9335
1051 9321
1072 9317
1082 9313
1090 9304
1095 9298
1110 9298
1117 9297
1122 9296
1140 9282
1140 9264
1223 9261
1241 9261
1248 9257
1257 9250
1275 9245
1275 9238
1281 9234
1291 9212
1305 9207
1309 9198
1312 9193
1343 9175
1346 9171
1373 9170
1373 9149
1388 9146
1391 9141
1404 9115
1404 9106
1414 9096
1415 9095
1427 9094
1432 9084
1437 9055
1457 9055
1467 9035
1474 9024
1477 8995
1480 8990
1486 8981
1502 8975
1531 8949
1537 8924
1539 8900
1541 8876
1542 8845
1542 8844
1557 8844
1558 8833
1576 8832
1589 8807
1593 8783
1603 8778
1605 8754
1613 8749
1622 8745
1624 8718
1633 8709
1641 8690
1643 8681
1648 8673
1664 8664
1668 8651
1675 8615
1680 8603
1705 8601
1713 8588
1717 8568
1731 8567
1761 8565
1766 8559
1790 8555
1791 8552
1824 8543
1842 8522
1851 8508
1865 8495
1867 8478
1885 8478
1887 8472
1917 8466
1917 8452
1936 8452
1971 8442
1974 8431
2002 8426
2011 8426
2029 8422
2051 8412
2053 8401
2054 8379
2060 8375
2091 8362
2097 8334
2097 8317
2114 8303
2114 8300
2125 8299
2167 8298
2179 8296
2183 8296
2205 8272
2228 8260
2270 8258
2277 8253
2277 8244
2278 8231
2281 8212
2291 8177
2296 8162
2299 8115
2304 8091
2304 8086
2315 8076
2318 8076
2323 8073
2329 8065
2336 8053
2342 8035
2342 7988
2344 7979
2347 7940
2357 7926
2360 7911
2360 7897
2372 7894
2398 7894
2398 7877
2402 7868
2426 7856
2442 7842
2442 7839
2494 7819
2497 7805
2498 7789
2504 7786
2535 7784
2535 7776
2538 7776
2555 7774
2591 7769
2594 7761
2601 7747
2603 7744
2610 7734
2616 7729
2617 7714
2641 7706
2650 7688
2657 7654
2679 7650
2682 7647
2694 7632
2720 7623
2732 7610
2751 7592
2763 7571
2763 7570
2766 7523
2770 7512
2774 7498
2787 7488
2793 7437
2793 7423
2795 7412
2811 7406
2811 7395
2818 7380
2824 7380
2824 7354
2826 7349
2827 7314
2830 7272
2840 7247
2842 7224
2842 7210
2858 7202
2859 7183
2874 7182
2889 7179
2893 7178
2907 7177
2908 7138
2910 7138
2917 7136
2932 7117
2935 7112
2938 7104
2939 7087
2954 7087
2981 7084
2983 7082
2986 7080
2994 7064
2997 7022
3003 7015
3012 7002
3015 6974
3022 6968
3023 6966
3025 6964
3057 6951
3061 6946
3063 6938
3075 6933
3104 6933
3125 6928
3137 6921
3161 6917
3187 6910
3189 6902
3198 6896
3203 6866
3229 6861
3236 6857
3240 6820
3241 6818
3242 6815
3252 6775
3252 6768
3282 6765
3308 6764
3361 6757
3384 6749
3396 6749
3397 6745
3411 6719
3412 6698
3424 6679
3438 6672
3457 6670
3463 6661
3466 6654
3468 6637
3470 6626
3498 6626
3501 6619
3501 6595
3520 6571
3520 6541
3521 6523
3529 6501
3532 6492
3574 6466
3574 6462
3578 6439
3583 6432
3588 6422
3591 6419
3608 6415
3614 6403
3634 6401
3643 6396
3644 6391
3650 6380
3656 6373
3664 6356
3719 6350
3723 6349
3723 6348
3733 6344
3737 6344
3750 6343
3817 6337
3826 6336
3838 6334
3864 6330
3867 6318
3876 6308
3883 6286
3885 6285
3894 6283
3901 6270
3902 6262
3902 6261
3919 6250
3924 6240
3929 6229
3940 6216
3949 6209
3953 6195
3964 6186
3971 6165
3980 6130
3983 6118
3988 6110
3994 6106
3996 6103
4008 6097
4016 6087
4017 6079
4043 6067
4069 6062
4079 6061
4079 5985
4085 5982
4088 5970
4088 5931
4090 5901
4093 5877
4112 5877
4114 5869
4132 5861
4142 5856
4155 5855
4169 5846
4173 5845
4187 5832
4200 5823
4212 5802
4226 5792
4234 5780
4241 5778
4264 5776
4282 5766
4292 5722
4292 5719
4300 5709
4301 5639
4303 5634
4308 5623
4308 5621
4308 5612
4311 5607
4315 5605
4324 5601
4332 5592
4338 5590
4338 5587
4342 5580
4356 5546
4356 5531
4396 5512
4401 5506
4402 5506
4409 5498
4410 5495
4410 5453
4432 5408
4437 5399
4441 5377
4455 5361
4457 5358
4471 5355
4477 5350
4494 5348
4497 5345
4545 5337
4546 5335
4553 5332
4568 5320
4569 5318
4571 5293
4576 5280
4579 5280
4583 5270
4593 5265
4636 5252
4653 5243
4654 5242
4663 5239
4672 5230
4672 5222
4674 5222
4714 5184
4724 5184
4724 5182
4746 5176
4757 5175
4764 5172
4768 5172
4800 5165
4809 5162
4841 5162
4850 5157
4869 5151
4874 5136
4877 5136
4896 5122
4925 5122
4950 5118
4974 5113
4981 5109
4983 5105
4994 5073
5006 5061
5016 5054
5024 5044
