100 970
12 28 22 12 22 13 18 23 13 24 29 22 24 17 22 16 19 20 13 17 20 13 16 30 19 22 27 20 22 20 22 22 19 22 27 13 20 19 24 16 19 14 25 27 11 15 14 24 23 24 26 15 21 23 28 16 28 16 21 27 14 19 11 22 17 17 13 16 30 14 26 25 22 18 16 19 15 16 19 17 18 22 26 16 16 15 20 20 26 19 27 24 30 23 24 17 20 20 22 13
86 82
85 49
74 2
99 79
11 44
44 85
87 59
44 38
10 75
71 76
65 74
20 66
89 18
16 68
78 15
50 12
87 24
88 50
68 51
2 98
97 61
24 89
54 64
60 92
60 31
30 42
25 86
30 63
78 100
55 72
21 39
53 79
7 79
37 45
50 58
2 21
76 69
27 93
68 43
75 6
72 81
41 55
51 25
72 57
20 93
15 72
80 16
79 1
32 83
34 15
82 57
41 43
13 44
92 8
14 66
55 57
70 84
56 53
13 48
3 45
30 24
4 25
1 7
14 8
75 50
93 7
59 6
71 59
86 19
18 40
43 70
69 14
21 35
64 90
52 14
31 37
96 44
90 91
47 42
19 43
17 9
29 75
39 94
60 99
56 78
93 20
54 37
69 99
54 20
71 81
4 55
32 49
100 72
13 98
46 39
73 8
31 48
32 92
50 31
84 53
77 66
89 40
18 84
91 30
50 60
82 91
29 73
9 27
23 88
97 15
33 94
50 71
21 34
100 33
57 22
69 3
59 53
90 2
71 43
55 98
93 10
60 68
97 57
59 12
48 11
59 81
84 97
80 35
87 49
20 69
55 12
45 56
83 38
38 10
78 10
82 79
5 49
57 74
30 13
92 73
51 40
37 94
14 5
29 43
36 46
86 35
54 95
64 26
38 55
90 25
34 27
84 85
44 24
13 74
64 33
60 11
17 40
45 2
8 83
78 85
80 98
2 65
58 80
17 53
54 33
6 45
94 49
27 50
18 11
45 76
45 99
8 38
93 26
22 91
57 15
56 88
25 24
38 93
85 96
7 13
16 67
79 86
12 14
86 44
42 24
98 62
89 24
25 78
46 87
1 84
11 97
41 49
65 8
66 92
9 42
9 12
32 24
62 100
91 98
9 34
89 94
11 55
34 5
50 73
12 39
64 74
57 29
39 43
89 22
49 97
60 54
76 99
66 9
56 4
36 28
61 30
56 24
69 73
91 29
42 32
71 41
93 71
34 3
53 81
23 54
22 57
52 55
66 86
9 73
91 93
81 8
68 62
7 11
28 29
91 88
13 69
71 50
28 89
53 38
98 53
33 83
75 50
36 57
19 18
54 24
47 57
34 71
37 41
77 31
84 65
93 28
58 55
56 67
18 93
55 32
20 29
76 30
75 89
77 44
50 89
22 27
29 46
23 99
21 13
39 28
16 38
91 10
51 70
57 51
9 52
84 11
34 10
91 70
77 55
32 26
3 25
8 90
14 21
49 51
92 59
47 80
57 60
11 1
20 98
89 97
33 62
47 66
11 90
94 72
25 60
30 69
92 30
83 43
47 6
100 20
29 17
19 51
25 94
32 55
52 4
12 80
20 10
96 82
15 39
24 27
72 25
80 51
4 70
69 10
32 61
54 48
19 96
97 57
10 55
30 67
1 31
84 35
69 39
26 36
93 77
63 97
63 10
96 17
85 48
99 87
84 83
23 44
85 52
30 58
12 43
42 83
95 51
48 26
96 91
19 84
75 2
93 71
21 54
66 94
37 16
48 89
35 73
32 5
49 11
85 92
60 90
80 39
9 34
63 13
15 91
11 90
50 80
94 79
72 69
100 82
63 81
17 28
87 94
15 12
77 7
37 2
22 100
29 52
100 25
88 50
48 57
22 60
48 52
56 30
35 59
89 52
100 23
19 74
15 37
28 97
16 95
50 92
95 82
30 12
15 66
17 27
9 37
12 20
72 29
89 15
30 12
18 23
40 26
79 53
80 17
18 82
61 79
4 13
70 81
11 41
10 31
33 58
99 27
72 55
23 70
48 49
86 45
75 89
13 27
22 66
56 63
81 77
69 78
75 32
18 58
26 35
71 50
68 48
91 53
18 99
41 47
43 32
5 44
30 61
74 32
5 49
89 8
37 69
44 13
89 41
59 61
94 72
6 95
99 53
47 83
66 51
91 49
74 35
85 8
69 93
83 11
83 95
26 99
100 29
51 64
18 85
99 73
30 38
93 14
42 13
66 2
87 99
13 5
29 82
6 46
67 95
40 60
33 43
86 67
26 45
100 62
22 63
28 16
63 71
60 79
89 79
82 4
87 35
74 30
71 88
27 77
38 43
53 60
71 45
46 74
48 65
93 95
54 56
5 84
71 55
24 96
17 35
60 7
89 24
70 48
73 34
6 64
24 17
64 66
19 40
36 50
52 96
5 48
9 89
86 83
36 46
1 69
6 64
94 87
75 39
32 37
58 98
9 27
57 69
3 35
95 1
2 86
42 64
26 36
18 57
53 11
99 48
32 33
98 7
44 72
58 31
30 67
40 12
19 99
64 85
68 67
51 69
55 39
96 81
51 52
26 84
91 43
3 98
26 98
92 72
41 27
74 5
35 87
21 69
78 93
5 54
77 75
26 61
79 8
33 39
24 5
31 23
28 72
95 25
53 78
11 60
87 65
74 83
66 86
84 18
32 44
19 16
58 100
27 72
8 73
55 22
24 2
77 72
47 55
63 76
79 76
22 95
88 10
27 64
94 15
89 93
96 17
56 92
34 98
37 85
100 92
21 90
60 95
20 5
25 31
71 72
51 75
67 100
21 77
94 66
89 49
43 90
5 7
6 24
2 37
24 89
53 62
5 17
52 60
12 41
48 74
97 16
44 32
12 73
31 54
99 76
70 42
97 30
87 91
21 68
64 72
4 21
10 76
99 88
38 95
47 3
17 42
25 69
67 26
4 72
19 59
90 38
52 2
46 76
45 92
57 93
69 82
16 95
52 8
92 88
44 68
10 1
28 89
36 22
22 66
32 73
17 34
92 93
83 41
60 82
97 76
62 71
28 45
16 8
91 37
28 69
68 87
56 44
63 78
44 39
4 82
22 83
19 34
52 26
93 35
63 50
46 64
15 71
51 59
54 69
70 51
36 77
66 44
93 97
90 56
49 55
71 80
88 57
7 65
13 41
57 92
14 17
60 14
80 44
85 31
72 87
65 10
23 5
98 90
83 51
26 29
61 17
81 89
61 69
60 87
89 59
24 68
2 79
73 51
4 97
54 44
33 3
28 48
1 28
48 95
1 33
39 25
81 58
12 43
20 18
2 35
69 18
26 40
31 48
25 88
39 5
97 39
93 75
77 71
64 90
52 92
15 24
59 11
87 59
77 93
8 28
56 91
28 75
73 16
38 24
1 76
48 93
63 100
26 81
68 46
47 72
99 12
16 8
65 50
60 83
19 53
57 36
7 57
79 3
20 90
50 8
95 41
11 59
52 95
72 64
49 10
11 92
14 59
6 91
40 78
83 88
25 2
96 94
3 82
41 14
66 39
63 50
9 19
37 55
76 7
99 71
33 38
90 26
64 19
61 78
68 93
27 24
65 11
57 71
40 36
23 1
32 60
75 29
79 6
44 91
41 18
61 71
2 26
44 70
15 16
15 44
74 26
42 64
10 37
78 32
17 7
90 60
86 65
94 58
44 94
5 29
11 23
11 21
30 7
78 20
47 57
27 32
87 75
75 53
19 88
81 15
29 60
82 88
28 80
5 8
76 96
92 21
75 32
28 12
64 29
61 91
62 56
21 82
57 43
3 71
76 6
91 40
74 33
60 21
39 66
16 70
21 68
55 89
93 62
82 42
34 19
28 37
80 65
47 27
31 27
96 82
42 56
76 69
96 81
1 77
82 21
87 35
51 99
82 14
17 43
82 69
99 3
32 60
40 48
86 96
64 95
62 2
34 46
11 2
43 60
75 56
72 30
3 23
25 54
76 62
76 83
57 31
74 13
77 68
67 89
92 27
43 54
42 33
41 46
80 27
67 27
61 52
48 31
30 26
1 73
6 86
58 95
92 69
44 31
99 23
44 15
47 34
27 71
5 3
22 88
9 24
96 31
87 18
58 24
80 9
76 89
85 83
36 85
67 18
62 11
95 35
19 99
100 16
32 97
92 62
58 4
25 70
56 20
5 54
28 57
60 65
68 92
25 50
20 14
93 84
62 91
31 37
51 47
58 88
65 38
43 13
18 3
17 98
19 46
11 35
83 6
16 2
16 36
38 98
30 3
57 43
39 23
83 10
46 38
17 63
29 27
74 9
66 13
11 65
3 38
95 23
47 35
91 10
44 97
7 68
83 71
38 48
15 68
36 18
96 94
18 11
42 72
87 59
30 21
16 19
6 35
23 12
40 75
9 73
27 29
79 90
30 18
81 38
56 86
4 78
17 87
29 30
20 49
29 51
32 69
26 4
100 7
80 93
98 33
83 44
55 95
30 49
92 49
23 66
46 34
54 2
83 34
24 51
56 32
21 74
20 99
10 13
6 89
17 74
13 54
13 3
20 62
41 18
62 32
68 76
95 93
9 82
35 5
88 91
85 63
