1000
86 82 2
85 49 0
74 2 2
99 79 2
11 44 2
44 85 2
87 59 0
44 38 2
10 75 2
71 76 2
65 74 2
20 66 1
89 18 2
16 68 2
78 15 2
50 12 2
87 24 2
88 50 2
68 51 0
2 98 2
97 61 2
24 89 2
54 64 2
60 92 2
60 31 2
30 42 2
25 86 2
30 63 2
78 100 2
55 72 2
21 39 0
53 79 1
7 79 2
37 45 2
50 58 2
2 21 2
76 69 0
27 93 2
68 43 0
75 6 2
72 81 2
41 55 2
51 25 2
72 57 2
20 93 2
15 72 2
80 16 2
79 1 2
32 83 2
34 15 2
82 57 2
41 43 2
13 44 2
92 8 2
14 66 2
55 57 2
70 84 2
56 53 0
13 48 2
3 45 2
30 24 0
4 25 2
1 7 2
14 8 2
75 50 2
93 7 2
59 6 2
71 59 2
86 19 2
18 40 2
43 70 2
69 14 2
21 35 0
64 90 2
52 14 2
31 37 2
96 44 2
90 91 2
47 42 2
19 43 0
17 9 2
29 75 2
39 94 2
60 99 2
56 78 2
93 20 2
54 37 2
69 99 2
54 20 2
71 81 0
4 55 0
32 49 0
100 72 0
13 98 2
46 39 2
73 8 2
31 48 2
32 92 0
50 31 2
84 53 2
77 66 2
89 40 2
18 84 2
91 30 2
50 60 2
82 91 2
29 73 1
9 27 2
23 88 0
97 15 2
33 94 2
50 71 2
21 34 2
100 33 2
57 22 2
69 3 2
59 53 2
90 2 2
71 43 2
55 98 2
93 10 2
60 68 2
97 57 2
59 12 2
48 11 2
59 81 2
84 97 2
80 35 0
87 49 2
20 69 1
55 12 2
45 56 2
83 38 2
38 10 2
78 10 2
82 79 2
5 49 2
57 74 2
30 13 2
92 73 0
51 40 2
37 94 2
14 5 2
29 43 2
36 46 2
86 35 0
54 95 2
64 26 2
38 55 1
90 25 2
34 27 2
84 85 2
44 24 2
13 74 2
64 33 2
60 11 2
17 40 1
45 2 2
8 83 2
78 85 2
80 98 0
2 65 2
58 80 2
17 53 0
54 33 2
6 45 1
94 49 2
27 50 2
18 11 2
45 76 2
45 99 2
8 38 2
93 26 2
22 91 2
57 15 2
56 88 0
25 24 2
38 93 2
85 96 2
7 13 2
16 67 2
79 86 2
12 14 2
86 44 2
42 24 2
98 62 2
89 24 2
25 78 2
46 87 2
1 84 2
11 97 2
41 49 2
65 8 2
66 92 2
9 42 2
9 12 2
32 24 2
62 100 2
91 98 2
9 34 2
89 94 0
11 55 0
34 5 2
50 73 2
12 39 2
64 74 2
57 29 2
39 43 2
89 22 2
49 97 2
60 54 2
76 99 2
66 9 2
56 4 2
36 28 2
61 30 2
56 24 0
69 73 1
91 29 2
42 32 2
71 41 2
93 71 2
34 3 2
53 81 2
23 54 2
22 57 2
52 55 2
66 86 2
9 73 0
91 93 2
81 8 2
68 62 2
7 11 2
28 29 2
91 88 2
13 69 2
71 50 2
28 89 2
53 38 2
98 53 2
33 83 2
75 50 2
36 57 0
19 18 2
54 24 2
47 57 2
34 71 2
37 41 2
77 31 2
84 65 2
93 28 2
58 55 2
56 67 2
18 93 2
55 32 2
20 29 2
76 30 2
75 89 2
77 44 2
50 89 2
22 27 2
29 46 2
23 99 2
21 13 2
39 28 2
16 38 0
91 10 2
51 70 2
57 51 2
9 52 2
84 11 2
34 10 2
91 70 2
77 55 0
32 26 2
3 25 2
8 90 2
14 21 2
49 51 2
92 59 2
47 80 2
57 60 2
11 1 2
20 98 0
89 97 2
33 62 2
47 66 2
11 90 2
94 72 2
25 60 2
30 69 0
92 30 2
83 43 0
47 6 2
100 20 2
29 17 2
19 51 0
25 94 0
32 55 0
52 4 2
12 80 2
20 10 2
96 82 2
15 39 0
24 27 2
72 25 2
80 51 2
4 70 2
69 10 2
32 61 2
54 48 2
19 96 2
97 57 2
10 55 2
30 67 2
1 31 2
84 35 2
69 39 2
26 36 2
93 77 2
63 97 2
63 10 2
96 17 2
85 48 2
99 87 2
84 83 2
23 44 2
85 52 2
30 58 2
12 43 2
42 83 2
95 51 2
48 26 2
96 91 2
19 84 2
75 2 2
93 71 2
21 54 2
66 94 1
37 16 2
48 89 2
35 73 2
32 5 2
49 11 2
85 92 2
60 90 0
80 39 2
9 34 1
63 13 2
15 91 2
11 90 2
50 80 2
94 79 2
72 69 2
100 82 2
63 81 0
17 28 2
87 94 2
15 12 2
77 7 2
37 2 2
22 100 2
29 52 2
100 25 2
88 50 2
48 57 2
22 60 2
48 52 2
56 30 2
35 59 2
89 52 2
100 23 2
19 74 2
15 37 2
28 97 2
16 95 2
50 92 2
95 82 2
30 12 2
15 66 2
17 27 2
9 37 0
12 20 2
72 29 2
89 15 2
30 12 2
18 23 2
40 26 2
79 53 2
80 17 2
18 82 2
61 79 0
4 13 2
70 81 2
11 41 2
10 31 2
33 58 2
99 27 2
72 55 2
23 70 2
48 49 2
86 45 2
75 89 2
13 27 2
22 66 2
56 63 2
81 77 2
69 78 2
75 32 2
18 58 2
26 35 1
71 50 2
68 48 2
91 53 2
18 99 2
41 47 2
43 32 2
5 44 2
30 61 2
74 32 2
5 49 2
89 8 2
37 69 2
44 13 2
89 41 2
59 61 2
94 72 2
6 95 1
99 53 2
47 83 2
66 51 2
91 49 2
74 35 0
85 8 0
69 93 2
83 11 2
83 95 2
26 99 2
100 29 1
51 64 2
18 85 2
99 73 2
30 38 0
93 14 2
42 13 2
66 2 2
87 99 2
13 5 2
29 82 2
6 46 2
67 95 1
40 60 2
33 43 2
86 67 2
26 45 2
100 62 0
22 63 1
28 16 2
63 71 2
60 79 2
89 79 2
82 4 2
87 35 2
74 30 2
71 88 2
27 77 2
38 43 1
53 60 2
71 45 2
46 74 2
48 65 2
93 95 0
54 56 2
5 84 2
71 55 2
24 96 2
17 35 0
60 7 2
89 24 2
70 48 2
73 34 2
6 64 2
24 17 2
64 66 2
19 40 1
36 50 2
52 96 2
5 48 2
9 89 0
86 83 2
36 46 2
1 69 0
6 64 2
94 87 2
75 39 0
32 37 2
58 98 2
9 27 0
57 69 2
3 35 2
95 1 2
2 86 2
42 64 2
26 36 2
18 57 2
53 11 2
99 48 2
32 33 2
98 7 2
44 72 2
58 31 2
30 67 0
40 12 2
19 99 0
64 85 2
68 67 2
51 69 2
55 39 2
96 81 2
51 52 2
26 84 2
91 43 2
3 98 2
26 98 1
92 72 2
41 27 2
74 5 2
35 87 2
21 69 2
78 93 2
5 54 2
77 75 2
26 61 2
79 8 2
33 39 2
24 5 2
31 23 2
28 72 1
95 25 2
53 78 2
11 60 2
87 65 2
74 83 2
66 86 2
84 18 2
32 44 2
19 16 0
58 100 2
27 72 2
8 73 2
55 22 2
24 2 2
77 72 2
47 55 1
63 76 0
79 76 2
22 95 0
88 10 2
27 64 2
94 15 2
89 93 0
96 17 2
56 92 0
34 98 1
37 85 2
100 92 0
21 90 0
60 95 2
20 5 2
25 31 2
71 72 2
51 75 2
67 100 2
21 77 2
94 66 2
89 49 0
43 90 2
5 7 2
6 24 2
2 37 2
24 89 2
53 62 2
5 17 2
52 60 2
12 41 2
48 74 2
97 16 2
44 32 2
12 73 2
31 54 2
99 76 2
70 42 2
97 30 2
87 91 2
21 68 2
64 72 2
4 21 2
10 76 2
99 88 2
38 95 2
47 3 0
17 42 2
25 69 2
67 26 2
4 72 2
19 59 0
90 38 2
52 2 2
46 76 2
45 92 2
57 93 2
69 82 2
16 95 2
52 8 2
92 88 2
44 68 2
10 1 2
28 89 2
36 22 2
22 66 0
32 73 0
17 34 2
92 93 2
83 41 1
60 82 2
97 76 2
62 71 0
28 45 2
16 8 2
91 37 2
28 69 2
68 87 2
56 44 0
63 78 0
44 39 0
4 82 0
22 83 0
19 34 0
52 26 1
93 35 2
63 50 0
46 64 2
15 71 2
51 59 2
54 69 2
70 51 2
36 77 1
66 44 1
93 97 2
90 56 2
49 55 2
71 80 2
88 57 2
7 65 2
13 41 2
57 92 2
14 17 2
60 14 2
80 44 2
85 31 2
72 87 2
65 10 2
23 5 2
98 90 2
83 51 2
26 29 2
61 17 2
81 89 2
61 69 2
60 87 2
89 59 0
24 68 2
2 79 2
73 51 2
4 97 0
54 44 2
33 3 2
28 48 1
1 28 2
48 95 2
1 33 2
39 25 2
81 58 2
12 43 2
20 18 2
2 35 2
69 18 2
26 40 2
31 48 2
25 88 2
39 5 2
97 39 2
93 75 2
77 71 0
64 90 2
52 92 0
15 24 2
59 11 2
87 59 2
77 93 0
8 28 2
56 91 0
28 75 2
73 16 2
38 24 2
1 76 0
48 93 2
63 100 2
26 81 1
68 46 2
47 72 0
99 12 2
16 8 2
65 50 2
60 83 1
19 53 0
57 36 2
7 57 2
79 3 2
20 90 1
50 8 2
95 41 2
11 59 2
52 95 0
72 64 2
49 10 2
11 92 2
14 59 2
6 91 1
40 78 2
83 88 2
25 2 2
96 94 2
3 82 2
41 14 2
66 39 0
63 50 0
9 19 2
37 55 2
76 7 2
99 71 2
33 38 2
90 26 2
64 19 2
61 78 2
68 93 2
27 24 2
65 11 2
57 71 2
40 36 2
23 1 2
32 60 2
75 29 0
79 6 2
44 91 2
41 18 2
61 71 2
2 26 2
44 70 2
15 16 2
15 44 2
74 26 2
42 64 2
10 37 2
78 32 2
17 7 2
90 60 2
86 65 1
94 58 2
44 94 2
5 29 2
11 23 2
11 21 2
30 7 0
78 20 2
47 57 0
27 32 2
87 75 2
75 53 0
19 88 0
81 15 2
29 60 2
82 88 2
28 80 0
5 8 2
76 96 2
92 21 2
75 32 2
28 12 0
64 29 2
61 91 2
62 56 2
21 82 2
57 43 0
3 71 2
76 6 2
91 40 2
74 33 2
60 21 2
39 66 2
16 70 0
21 68 2
55 89 2
93 62 0
82 42 2
34 19 2
28 37 0
80 65 1
47 27 0
31 27 2
96 82 2
42 56 2
76 69 2
96 81 1
1 77 2
82 21 2
87 35 0
51 99 2
82 14 2
17 43 0
82 69 2
99 3 0
32 60 2
40 48 2
86 96 2
64 95 2
62 2 2
34 46 2
11 2 2
43 60 2
75 56 0
72 30 2
3 23 2
25 54 1
76 62 1
76 83 0
57 31 2
74 13 2
77 68 2
67 89 2
92 27 2
43 54 2
42 33 0
41 46 2
80 27 0
67 27 2
61 52 2
48 31 2
30 26 2
1 73 0
6 86 2
58 95 2
92 69 0
44 31 2
99 23 0
44 15 0
47 34 1
27 71 2
5 3 2
22 88 0
9 24 0
96 31 0
87 18 2
58 24 2
80 9 2
76 89 2
85 83 2
36 85 0
67 18 2
62 11 2
95 35 2
19 99 2
100 16 2
32 97 0
92 62 0
58 4 2
25 70 0
56 20 2
5 54 0
28 57 2
60 65 0
68 92 2
25 50 2
20 14 0
93 84 2
62 91 2
31 37 2
51 47 2
58 88 0
65 38 2
43 13 2
18 3 0
17 98 0
19 46 0
11 35 2
83 6 2
16 2 0
16 36 2
38 98 2
30 3 0
57 43 0
39 23 2
83 10 2
46 38 2
17 63 2
29 27 2
74 9 2
66 13 0
11 65 1
3 38 0
95 23 2
47 35 0
91 10 0
44 97 2
7 68 2
83 71 2
38 48 1
15 68 2
36 18 2
96 94 0
18 11 0
42 72 0
87 59 0
30 21 0
16 19 0
6 35 0
23 12 0
40 75 2
9 73 0
27 29 2
79 90 2
30 18 2
81 38 2
56 86 2
4 78 2
17 87 2
29 30 2
20 49 0
29 51 0
32 69 0
26 4 2
100 7 0
80 93 2
98 33 2
83 44 2
55 95 2
30 49 0
92 49 0
23 66 2
46 34 1
54 2 0
83 34 2
24 51 2
56 32 0
21 74 2
20 99 2
10 13 2
6 89 0
17 74 2
13 54 2
13 3 2
20 62 2
41 18 2
62 32 2
68 76 2
95 93 2
9 82 0
35 5 2
88 91 2
85 63 2
2 1 2
2 1 2
2 1 2
2 1 2
7 1 2
98 1 2
8 1 2
8 1 2
8 1 2
8 1 2
8 1 2
8 10 1
10 1 2
10 1 2
10 1 2
10 12 1
12 13 1
13 14 1
14 1 2
49 59 1
73 1 2
24 1 2
24 1 2
24 1 2
27 1 2
27 31 1
31 1 2
31 1 2
31 33 1
35 1 2
