250
196 74
148 245
203 19
113 198
57 182
222 219
73 188
28 237
158 156
215 178
59 37
67 25
231 6
213 60
81 72
91 75
224 178
38 155
4 169
22 68
93 171
62 22
108 43
39 19
245 12
96 239
68 67
229 197
208 113
200 119
172 16
234 92
149 209
223 107
143 21
9 68
145 229
41 234
126 148
86 102
19 63
103 234
237 19
192 75
36 174
85 55
71 157
166 167
159 32
77 67
186 90
247 132
100 86
80 239
21 210
132 179
196 110
12 81
96 133
25 156
147 164
242 205
227 230
21 30
240 113
239 190
49 30
33 223
180 224
205 142
17 158
219 146
47 31
144 96
7 65
107 247
14 213
212 36
44 223
157 43
20 210
236 220
73 91
165 244
63 77
164 103
64 176
157 169
120 124
25 95
156 231
6 84
192 97
198 153
196 191
28 54
91 72
106 72
186 145
91 191
93 149
110 96
110 229
124 152
81 139
143 11
102 102
63 190
188 45
105 177
12 34
225 55
186 41
216 23
57 46
198 123
224 85
36 91
94 223
238 54
229 70
57 247
80 215
40 27
11 127
166 250
24 45
210 86
113 166
151 74
57 216
80 85
80 175
102 18
122 121
245 46
151 176
82 209
55 212
4 89
190 9
193 240
219 28
117 6
238 184
205 91
150 46
95 194
195 64
19 218
211 171
232 40
87 215
82 213
249 213
16 103
142 242
121 219
80 216
158 234
91 215
250 162
45 61
243 23
43 23
126 225
157 198
18 141
198 75
222 215
157 224
67 129
163 135
148 178
167 125
45 70
88 128
22 199
222 118
45 95
180 104
28 59
44 74
197 152
114 1
188 236
169 238
88 162
217 66
180 149
84 49
76 210
97 164
218 113
133 37
181 65
29 130
35 200
50 127
24 146
39 72
188 241
122 94
165 121
156 179
88 77
180 4
125 192
222 81
242 125
202 78
72 65
73 164
241 101
68 23
49 90
219 195
216 64
200 242
221 189
77 163
43 244
21 110
93 82
179 55
22 190
88 190
91 53
10 225
26 72
249 155
27 63
73 197
227 208
155 71
41 163
193 195
18 54
140 125
238 231
172 35
17 215
114 184
245 247
52 7
194 221
197 150
139 209
151 239
35 44
