100
53 50
31 76
46 54
94 37
36 100
54 49
30 91
90 8
49 64
39 42
5 52
45 53
50 51
48 46
30 29
45 54
12 64
53 83
45 46
45 45
44 74
76 8
99 38
22 42
47 51
50 46
63 32
21 75
47 47
30 46
54 48
47 45
53 87
50 48
55 56
49 50
15 98
38 48
49 48
35 3
48 53
78 87
54 50
34 72
50 49
46 47
46 49
67 44
53 45
81 42
9 57
78 91
50 45
86 53
63 50
46 51
48 49
84 79
45 70
46 48
11 50
88 67
49 58
89 56
40 35
19 75
83 96
52 54
54 46
86 91
63 27
92 66
19 92
2 74
11 81
46 46
85 62
83 89
59 35
91 89
52 53
53 46
75 97
41 41
82 20
52 47
46 59
51 47
51 48
46 52
62 71
45 51
39 62
50 3
30 78
88 99
30 21
49 54
89 37
46 60
