350
185 170
222 294
183 181
159 171
12 55
167 167
157 189
306 219
320 47
33 67
182 166
188 165
226 329
191 160
187 180
161 165
33 287
180 182
174 166
167 180
25 170
178 171
302 39
163 169
322 217
24 303
188 189
29 52
130 304
317 310
164 4
146 36
185 184
197 163
190 177
172 41
172 2
9 201
262 111
161 191
161 166
247 250
185 165
180 172
238 169
244 22
166 162
258 156
157 185
190 168
184 191
173 184
165 171
179 164
183 165
160 176
179 187
174 176
331 72
185 186
60 77
345 275
304 307
12 58
185 157
171 172
168 188
242 41
344 32
190 179
245 307
165 168
154 324
78 177
161 157
24 165
187 181
186 164
172 175
189 183
163 167
167 157
45 167
280 142
171 183
118 286
220 241
176 172
245 290
5 326
293 79
188 191
103 240
169 160
191 169
191 189
233 321
100 170
176 182
165 180
175 167
173 178
193 59
77 69
185 180
40 288
257 9
191 179
191 187
340 304
182 159
163 177
56 295
181 164
169 180
166 164
166 187
159 187
276 20
315 68
184 188
158 164
164 190
298 146
161 189
213 186
78 227
184 96
181 186
160 182
187 191
265 242
183 183
64 34
188 182
188 172
179 160
60 144
299 76
132 190
38 221
91 289
350 314
290 32
326 282
302 184
41 188
307 322
178 190
169 186
136 91
35 51
62 114
179 190
157 184
246 272
14 85
179 189
183 188
170 162
160 186
161 190
183 185
178 177
91 69
70 187
163 165
161 319
310 179
190 189
1 258
177 40
345 241
244 191
179 167
278 120
303 37
158 158
307 74
187 185
186 181
161 188
50 176
191 186
175 178
157 161
247 73
75 76
156 242
86 207
267 227
316 306
167 174
164 165
172 166
166 256
189 162
35 121
177 188
181 189
191 170
345 120
169 185
185 174
8 126
175 163
308 134
31 137
163 183
36 14
185 191
164 189
178 188
161 181
83 21
167 158
171 179
326 344
173 174
321 304
129 243
170 160
188 14
169 173
169 172
212 28
160 165
339 43
183 162
160 181
157 182
156 179
91 74
161 175
178 1
191 344
174 174
138 76
181 159
177 183
163 180
193 227
172 174
171 189
187 177
330 200
181 176
315 163
182 184
164 161
96 48
187 182
178 183
198 333
212 208
260 129
159 101
78 289
207 80
319 118
278 54
178 179
206 332
182 66
312 254
240 197
328 297
164 162
96 10
158 165
158 159
191 190
76 60
126 172
288 297
179 158
275 339
256 239
287 315
180 188
343 149
27 181
189 191
137 350
167 185
36 222
172 179
282 228
73 256
190 176
177 164
191 185
214 51
297 26
175 184
323 63
185 173
183 189
179 186
205 155
161 164
99 71
190 162
169 187
188 183
159 168
178 164
162 179
338 310
183 180
160 179
144 275
190 165
167 159
247 229
117 90
229 26
224 276
95 247
93 33
180 187
173 166
168 190
189 182
68 55
173 186
30 317
158 34
331 309
91 65
350 3
110 20
158 191
301 326
105 198
164 182
186 158
186 120
338 96
231 147
188 171
190 183
188 173
123 150
173 165
233 342
91 86
160 160
167 170
111 70
