404
602 213
147 737 965 842
42 730 351 430 494 493 490 141
248 974 681 618 505 196 207 805 255 600 1009 516 989 322 923 826
785 74 335 498 740 424 105 307 56 713 468 787 774 334 62 317 121 135 902 976 170 640 330 386 104 471 940 101 27 706 356 480
670 298 796 29 312 738 496 958 922 425 758 603 167 369 534 690 282 506 391 804 220 635 844 459 613 874 677 751 682 434 273 301 319 888 557 612 572 318 165 575 845 34 413 1002 816 929 375 55 811 345 859 810 684 605 703 650 134 625 1015 1003 437 725 582 517
337 525 275 428 402 367 990 352 901 639 129 161 78 802 626 926 274 331 338 68 762 727 890 592 414 993 408 492 159 645 530 794 780 244 573 1005 660 739 316 313 955 103 631 863 561 676 900 436 396 880 789 658 698 150 861 30 889 808 210 92 309 476 91 148 268 473 624 315 1001 594 597 1020 533 580 57 767 15 40 415 904 75 32 909 201 1012 838 807 742 192 1017 219 865 712 6 343 82 325 464 222 31 139 892 96 340 389 906 854 361 418 693 324 9 278 208 686 806 831 514 199 14 453 300 224 839 394 12 362 188
314 628 953 951 933 664 893 948 433 98 869 16 87 768 662 716 983 921 495 355 120 79 462 856 346 872 465 1022 485 95 395 819 461 1010 992 931 521 916 63 1007 33 862 94 326 875 451 185 399 21 422 689 7 830 970 126 483 113 1013 383 36 673 333 341 653 128 329 998 515 884 866 1014 641 812 359 376 905 857 668 123 385 744 419 10 665 535 153 864 769 817 438 144 93 986 685 169 619 540 25 70 788 486 259 832 798 183 748 745 371 152 568 35 83 759 102 560 288 412 450 724 247 897 387 919 777 429 73 254 204 13 971 795 590 510 822 719 137 407 615 46 876 61 632 733 284 726 109 200 173 190 647 928 378 563 4 416 914 843 22 755 174 666 1019 463 310 736 704 711 439 786 454 848 18 24 596 984 257 294 112 344 910 975 870 417 714 930 442 230 357 611 350 44 978 524 71 815 246 1011 823 241 226 671 969 65 5 283 820 466 821 939 232 3 158 552 729 374 99 388 599 238 792 37 966 17 240 472 775 444 467 320 598 750 770 372 149 661 555 382 114 799 115 881 133 321 365 342 518 261 617 214 72 766 1 791 643 550 197
441 935 172 445 715 761 432 217 577 855 178 198 481 474 699 850 164 265 411 917 420 163 800 871 69 746 608 237 1006 179 90 328 801 364 292 160 604 853 195 581 379 630 289 231 837 622 1021 542 797 565 883 401 455 571 181 584 460 443 868 778 108 156 960 392 507 996 867 398 293 1018 281 941 642 701 89 304 964 347 556 187 674 547 242 523 942 227 691 349 384 484 81 877 980 824 502 449 669 610 732 707 908 911 601 267 119 529 447 790 825 186 606 470 961 840 903 509 110 887 586 353 286 380 295 705 558 26 809 1004 64 45 127 771 276 249 216 852 469 772 999 734 644 489 299 400 907 637 538 760 233 209 997 303 228 833 348 182 245 981 925 327 680 157 753 202 938 142 446 782 655 721 85 982 297 663 23 659 271 574 302 709 546 991 266 607 308 593 667 253 554 723 370 962 381 124 629 708 595 988 162 652 38 405 920 747 579 818 20 175 41 717 211 263 306 66 1023 59 633 397 354 657 649 358 985 2 140 458 814 180 406 1016 260 194 945 280 323 191 390 781 97 229 251 654 570 841 979 239 977 336 234 553 728 84 545 621 946 53 143 585 828 569 851 478 954 479 528 131 532 688 943 651 564 752 130 537 189 49 776 122 166 694 435 423 543 132 541 679 522 878 488 549 360 913 589 994 783 587 968 646 235 544 896 499 138 527 924 696 882 47 886 511 718 915 168 203 452 171 77 279 526 567 936 339 779 500 250 720 225 827 947 763 898 803 67 836 616 512 269 1008 963 576 76 146 773 952 536 431 107 722 221 731 43 457 236 743 155 305 475 846 873 272 973 51 290 366 531 277 912 54 440 262 50 672 519 648 456 206 638 656 735 944 829 504 11 111 756 793 154 741 956 764 291 193 520 118 972 885 847 895 28 749 8 258 609 270 995 860 410 1000 363 548 373 899 959 252 934 427 813 927 578 487 448 879 695 784 636 918 683 583 937 678 491 243 697 765 332 377 957 48 58 539 757 932 421 218 311 620 212 623 987 100 223 264 754 80 116 562 692 891 949 482 627 634 86 559 508 687 551 835 106 894 176 19 501 426 614 710 700 477 950 52 503 497 205 858 675 136 184 88 566 368 256 60 834 287 117 403 145 285 296 513 177 591 702 588 393 215 39 849 151 967 125 409
