893462617
100
332577631 716792532
598777288 372177193
924587949 629227822
919480357 434758694
809898064 411322523
501710841 560522429
472110862 633961368
448292488 137941790
235791547 613942582
864837274 890667443
228882899 124585425
229646516 162140662
308114288 490510908
114208851 499231430
556115564 201431346
599200203 664065193
883987632 843813924
812657659 919042104
801219386 913679390
178865323 563882071
943494191 170792586
951500112 422508361
519714607 964092211
156488902 871883527
965088331 664893873
210690717 266740063
721832391 522278329
542993953 912340470
741664619 397151282
692394539 135021447
141295682 554315911
420804010 225551920
508655545 255983618
292807409 777404489
640051608 263406204
735587512 854711237
674986914 392108869
726918541 462135998
709148756 267578457
405938879 734521308
927004848 820531064
716142576 339599996
904223362 686807090
334486290 510031217
836262359 552399561
779696726 906214302
931058737 589506885
983159592 576303913
965992005 402881575
213126540 619832631
747654146 445688568
593727351 688024779
718471329 463728527
661605368 387062454
301236480 180868334
412371157 967380055
902293582 223233147
339868053 271133498
504346309 420124776
483406058 204366617
402286445 577872003
871220588 859603101
180141652 363175006
325555071 665804612
236903862 697245470
473632933 424778067
606478762 404401693
960129674 460469186
816830496 933359577
692987940 867482963
533430820 773924065
776941864 752620154
587375669 713659125
446686924 560666651
114467820 288888123
935309266 700299951
501114127 558932195
240024592 373519006
169418684 307868523
369377345 672224309
991791294 539012546
469142126 627266096
417276898 188322070
567081659 672362366
428315688 692489469
683322203 888926807
331859042 501005767
250555883 518452615
430889344 742449864
974549450 280063497
552076200 125350407
167379157 873592718
200075672 954006738
622766252 195867971
618955380 986634415
652411032 493276133
824601799 358986522
560618769 699596727
325235084 781525523
340242211 624184183
100
185878363 830019781
875356486 708818620
525965877 426545631
161278361 221901008
776351440 516262173
507836318 774605088
884526531 301614533
243763757 808463183
417173720 153343698
311961866 390689150
567514989 138363947
165115086 620251247
933439562 723879035
736527889 501624178
917309106 762403816
365949276 721969319
472675860 333500660
914827729 932763067
392358479 304705046
182344906 410290968
227971201 763540536
532836932 403160015
197492727 418412239
276367523 432354894
781537307 875569054
631657820 614204905
707226081 170498354
528604046 685759699
240476298 773510526
487751719 332057748
585612726 121128517
516766066 358991922
600138435 232832147
142209508 327392848
491657681 151375412
147540834 511413120
525990499 978308057
218848253 849176458
540055493 302072303
623105978 918059811
163352530 957807719
338674995 890789854
192836628 671081622
430895912 604817261
996658097 709504788
770684918 584977895
449145106 656437886
811934852 852852504
254982572 243920085
981657346 902301124
676550214 769439075
323891258 757312506
216474145 254362771
873809108 682800818
184371289 494654967
656082787 321733520
164470232 245586327
348308563 584670167
535234869 807121800
491222648 977372326
461225760 518961384
928935127 509778804
391399544 933916204
743430335 538059347
545546273 346894370
170611822 149380512
205441567 931240078
972783116 244172688
374098772 459126408
820074522 665523810
326960004 686686481
851526881 398777177
155892277 117196609
617307636 842610478
448262712 113229658
265372895 195386496
642174667 338977820
146938916 988582925
791936098 749855640
688273515 757292991
382942490 558428734
942538472 108798919
131012927 151270255
378923642 961211276
925791216 343371033
153613921 679177091
524825528 974124583
356941022 156273757
302771197 159255158
234144089 737075876
967339967 526694463
355618143 809300125
602273178 626915538
827040592 347063533
801549394 252183406
875441251 609043844
196205515 553725275
119809931 590525636
682127295 867699615
497840286 601169193
