20
71 46 68 58 56 36 44 12 27 64 43 13 40 34 16 75 3 76 33 49
51 61 64 42 47 51 59 85 100 98 9 71 9 77 95 31 12 38 44 5
69 87 18 8 87 35 83 56 10 82 71 27 9 35 35 56 52 60 6 17
23 15 88 33 92 48 30 70 87 74 41 21 26 60 96 79 61 78 35 37
59 5 30 34 6 32 91 58 92 97 76 15 79 29 14 36 44 10 6 30
51 47 17 77 73 12 22 100 90 57 2 14 62 33 15 35 65 5 93 22
68 34 3 46 30 84 83 74 95 55 70 45 68 87 88 41 99 9 6 54
66 9 34 95 8 49 29 73 54 88 61 89 89 65 0 18 14 49 92 8
3 61 19 72 13 7 79 11 83 85 31 15 94 65 76 68 14 4 6 34
58 68 89 46 99 90 64 12 38 21 21 8 48 40 46 61 13 24 72 97
75 2 11 35 34 87 2 14 57 9 48 81 77 3 27 75 93 57 87 97
79 74 71 93 81 16 54 94 6 92 56 82 61 33 16 95 86 85 8 42
94 22 90 36 25 16 10 84 39 64 47 84 3 17 77 84 34 30 78 40
88 33 88 48 67 70 42 18 55 16 27 48 5 16 85 97 99 61 81 37
24 94 88 95 10 64 78 10 60 21 17 47 55 4 62 88 41 3 5 96
87 32 43 92 14 94 54 12 55 34 16 45 27 3 39 4 33 17 81 93
38 98 5 59 69 67 12 9 37 85 71 90 83 13 47 98 7 0 76 28
35 92 73 28 61 79 99 94 62 80 86 66 43 58 92 78 24 3 53 27
54 23 16 3 37 63 67 10 64 42 4 65 34 43 59 95 21 24 55 83
3 6 15 12 64 6 91 55 9 43 82 30 67 65 33 70 94 100 46 57
