500
428 393
30 377
76 52
21 218
238 379
266 56
48 417
39 487
362 298
85 24
496 190
434 234
68 136
342 417
178 144
6 44
460 456
39 81
138 357
409 495
113 201
441 285
240 494
450 87
144 284
108 114
130 178
267 473
377 145
162 360
298 245
384 401
475 389
21 188
137 368
110 298
204 228
35 466
213 220
451 481
448 493
224 45
113 73
439 179
257 17
419 210
117 467
306 208
490 355
228 97
38 93
466 343
131 234
41 296
175 421
444 489
472 196
300 25
294 46
103 158
433 365
183 479
79 464
480 252
11 20
456 14
151 249
396 210
371 154
395 143
334 253
463 306
76 5
38 148
330 218
177 416
31 68
204 319
227 254
378 449
356 428
176 254
102 16
15 250
479 60
199 31
488 220
35 315
178 259
55 96
374 123
45 179
225 285
35 418
196 18
302 416
32 152
316 62
321 43
402 274
24 64
278 246
337 450
229 304
209 464
41 407
32 497
359 474
431 444
281 246
106 33
75 239
101 439
346 32
46 65
155 222
416 25
46 140
119 327
90 87
471 414
234 266
71 49
41 155
22 6
12 62
106 283
71 296
470 62
254 318
186 135
45 84
110 287
75 259
167 325
157 60
426 422
347 379
157 474
81 146
356 445
156 289
364 178
315 152
100 241
273 253
136 486
295 319
176 455
8 51
36 177
148 269
307 270
472 349
496 6
263 29
363 485
196 41
403 190
411 340
18 75
49 334
96 326
467 85
98 101
209 244
71 473
369 114
90 147
75 375
430 131
237 247
47 36
404 21
500 197
162 141
190 207
443 352
306 287
8 10
118 43
26 303
34 217
287 331
100 310
442 105
56 128
277 273
249 52
169 341
40 347
450 397
319 149
170 306
199 2
390 444
430 395
229 500
14 223
434 406
42 161
159 17
275 267
22 458
126 365
302 286
263 144
180 461
117 249
448 326
345 158
256 96
387 405
486 60
245 235
496 219
414 54
476 315
433 404
460 266
371 14
49 437
89 370
67 480
349 106
394 172
326 83
248 233
480 254
193 68
260 240
462 371
114 302
238 68
498 326
401 242
154 448
265 145
6 288
22 232
186 211
24 260
33 439
17 361
485 329
30 373
32 464
253 312
127 29
187 235
351 300
32 223
26 246
18 454
160 236
310 40
267 195
189 193
496 262
55 454
229 133
347 274
237 318
22 424
478 365
15 13
270 484
60 279
302 92
123 118
388 80
381 245
90 213
342 426
260 93
478 485
103 55
241 11
392 375
253 41
443 214
167 315
44 366
280 265
439 423
157 168
447 128
172 249
389 262
158 159
4 441
494 373
131 160
448 79
342 258
115 205
403 292
315 451
279 279
309 41
217 312
46 37
125 180
481 135
429 334
340 415
300 314
300 426
198 371
376 121
97 317
16 495
87 293
16 93
282 53
68 362
17 96
9 274
494 293
158 54
208 178
44 443
431 2
55 303
35 397
246 129
491 9
468 262
68 93
419 385
36 329
428 197
84 79
480 38
136 112
32 387
430 376
178 474
74 234
244 372
410 438
375 323
313 333
132 356
18 42
140 435
159 102
299 67
238 321
92 325
470 109
306 488
191 6
105 231
229 117
60 128
254 65
364 90
458 145
99 230
406 423
495 174
363 418
211 88
374 152
337 144
431 188
498 199
282 335
84 492
223 479
7 285
104 416
438 66
25 214
241 241
447 263
320 180
406 280
84 285
40 343
245 212
397 107
351 385
314 297
144 247
418 300
112 153
185 272
8 78
119 272
131 374
243 215
100 281
16 413
432 64
144 112
420 359
398 438
401 275
163 165
441 160
93 385
292 371
328 214
498 101
413 382
111 213
240 491
414 90
179 160
29 386
58 153
14 186
20 378
370 64
194 268
383 409
358 244
369 42
169 186
194 73
289 221
205 393
389 465
161 242
347 386
490 333
76 61
265 242
109 382
5 279
129 95
314 500
202 390
60 409
478 78
478 486
461 330
211 13
158 138
303 333
391 291
234 292
182 129
482 209
370 269
296 36
387 357
264 69
362 487
80 216
50 471
39 257
278 384
262 215
293 206
58 264
319 53
348 289
163 305
383 176
373 397
378 340
469 281
232 476
256 16
301 251
12 318
499 224
223 383
351 17
115 262
421 488
288 112
356 333
447 450
435 56
178 456
133 443
145 307
51 475
241 17
57 228
55 412
327 314
355 134
133 183
7 230
161 437
270 357
272 236
247 63
166 233
132 283
351 315
243 204
206 45
210 455
465 480
