465
160 163
177 231
220 111
430 330
114 265
164 165
162 169
426 324
121 276
447 147
232 149
443 275
170 232
449 136
426 326
174 230
150 62
435 274
434 282
215 110
147 58
135 57
139 58
160 65
455 147
449 144
445 140
436 328
148 64
172 232
447 144
231 139
169 157
436 276
233 142
217 117
117 269
448 144
149 62
452 148
456 139
456 141
170 237
445 276
226 113
162 161
239 148
116 268
181 230
426 333
438 283
156 70
225 117
439 277
217 116
429 328
164 163
152 65
158 160
452 139
143 54
237 140
177 232
176 229
240 138
436 331
433 334
143 53
454 142
148 66
429 330
125 265
157 62
451 144
143 57
119 271
438 285
436 279
141 55
428 326
439 285
435 281
160 160
116 266
454 139
173 234
224 116
221 116
444 277
451 136
444 139
137 56
160 71
171 235
445 275
434 330
438 326
445 139
138 49
174 232
233 150
160 59
150 60
138 57
437 329
149 65
142 54
449 143
117 268
177 237
445 138
144 57
232 143
427 323
444 144
228 149
444 274
120 273
174 239
142 56
454 141
431 327
236 139
455 146
126 271
220 120
166 165
161 163
123 265
445 277
124 264
434 325
120 268
234 148
165 169
427 325
453 136
162 159
116 269
430 326
442 277
437 274
141 60
139 53
147 61
442 285
436 324
221 114
142 55
119 265
159 160
436 274
435 327
169 233
455 140
223 115
437 323
449 142
455 144
141 61
123 271
173 235
430 334
136 52
180 230
445 144
437 324
168 163
168 168
233 144
227 118
433 329
226 117
450 140
228 148
156 66
148 61
124 266
121 272
445 281
438 274
158 68
236 150
427 329
141 59
216 115
226 109
235 145
451 146
227 119
220 109
451 148
149 67
434 279
240 149
163 159
235 143
453 145
152 64
159 60
156 71
437 332
225 116
165 168
142 58
429 325
444 286
445 278
224 108
228 141
439 283
138 59
217 108
232 147
215 111
122 268
160 158
124 268
114 269
150 61
233 149
149 59
215 109
161 164
156 64
225 113
116 273
428 328
216 111
146 54
454 138
439 281
158 164
157 64
118 272
170 238
146 57
446 274
117 275
444 141
225 111
156 63
431 332
153 65
431 325
150 71
441 278
445 284
167 157
161 158
235 138
161 167
172 229
164 162
230 140
427 331
136 51
428 327
432 323
161 165
142 53
434 333
224 117
115 271
449 148
137 61
169 162
165 163
440 280
223 109
118 273
169 228
154 64
229 138
220 108
231 143
218 117
121 267
177 236
141 53
142 61
238 146
429 334
154 62
147 52
234 149
436 330
448 147
149 68
164 157
448 136
167 166
137 58
441 282
432 332
158 163
231 150
220 110
119 276
140 56
227 120
170 239
217 111
240 150
223 119
426 335
428 331
168 158
444 284
239 145
126 270
139 56
436 335
116 264
447 138
232 141
118 265
170 164
143 49
145 51
228 147
122 267
237 147
158 166
173 229
176 233
217 113
435 326
220 118
228 145
145 49
171 228
171 231
224 113
120 272
240 147
170 158
159 66
426 328
222 120
145 50
446 286
160 157
171 233
434 280
444 275
160 165
142 60
136 61
450 139
229 150
140 57
450 147
217 120
173 231
222 112
434 323
456 143
438 275
170 166
159 169
223 120
428 324
229 146
237 141
116 276
437 328
222 118
433 335
443 282
449 141
145 52
218 115
155 68
225 119
441 281
446 143
151 64
456 145
163 164
444 285
142 49
151 68
144 55
437 286
434 326
159 161
447 137
144 53
223 111
119 270
432 324
115 264
454 147
154 70
170 240
120 275
138 54
157 60
135 49
121 266
119 272
152 59
148 65
119 274
120 266
118 270
176 239
146 50
240 142
240 144
176 228
121 274
222 116
149 60
115 270
124 274
175 231
164 167
169 235
120 265
164 166
453 144
442 282
114 273
236 146
430 324
170 233
446 145
437 282
433 333
123 273
121 271
216 113
123 275
441 283
433 331
166 169
441 286
233 145
155 59
168 166
444 283
120 267
434 274
234 150
444 276
179 228
428 334
233 141
442 284
437 280
447 142
452 138
149 63
443 283
444 136
446 275
161 159
153 64
435 275
169 163
437 327
429 331
164 169
