5000
455 151
228 10
339 577
68 163
362 91
531 401
239 559
81 251
368 39
70 529
239 551
504 122
374 362
614 562
29 412
49 413
605 510
263 1
97 20
340 573
540 586
86 527
252 86
95 426
640 318
235 359
447 479
113 346
65 498
114 479
180 626
446 97
468 366
322 237
177 60
105 113
22 359
489 487
548 178
579 392
173 426
381 345
16 647
201 203
290 339
214 48
348 541
489 261
522 52
565 620
628 143
22 188
138 405
403 327
195 362
487 316
371 271
6 111
645 30
328 204
61 416
252 509
314 144
203 120
530 554
303 348
290 442
349 102
443 403
265 105
336 92
302 202
457 57
368 15
393 395
87 475
282 472
326 460
84 98
128 98
630 643
231 345
119 468
583 291
274 606
72 356
612 644
59 248
96 268
107 581
413 412
589 32
512 588
98 95
134 114
74 289
583 202
491 356
273 491
49 490
224 267
477 262
159 601
157 140
266 4
515 359
154 138
223 379
173 316
321 126
17 419
447 254
191 633
10 87
497 122
291 378
319 632
305 361
43 522
483 24
520 523
397 47
257 6
499 335
560 69
563 109
195 52
521 344
266 98
436 465
321 240
614 282
147 328
466 82
135 308
189 484
253 627
281 401
188 555
580 185
439 217
249 302
626 343
216 283
572 624
262 224
565 19
604 392
397 635
431 174
153 132
641 163
530 10
469 546
525 388
617 258
120 225
282 263
559 439
431 534
485 580
3 146
502 33
132 377
104 450
567 112
24 9
275 468
341 592
66 617
31 537
465 458
323 53
390 388
276 313
267 88
611 70
408 419
29 632
198 478
591 533
529 267
550 7
239 32
164 169
449 111
9 121
245 320
200 121
437 193
154 347
566 6
600 553
593 472
516 86
153 487
433 554
634 289
327 611
633 525
419 647
121 29
400 552
94 274
175 319
323 405
622 104
637 225
544 170
390 197
79 647
115 19
349 195
21 440
227 39
579 193
235 445
540 33
269 252
224 612
461 165
473 490
499 73
487 235
319 552
533 200
44 577
192 33
173 44
633 256
251 190
1 234
125 188
476 622
230 58
640 484
68 628
85 132
98 211
141 197
59 206
217 463
466 143
449 534
449 205
543 99
408 70
199 130
641 338
570 43
504 238
583 222
379 559
295 641
286 525
289 62
341 200
341 288
47 346
504 602
398 605
604 62
74 476
528 133
374 238
92 158
263 147
529 614
346 411
476 158
483 413
461 464
604 496
159 73
40 14
277 544
476 637
325 226
625 607
45 78
304 84
452 96
4 252
444 273
640 145
321 261
164 546
21 86
643 128
404 609
399 549
552 52
543 450
258 127
323 541
349 8
75 300
413 484
482 426
580 599
554 164
566 301
401 589
521 364
102 16
499 300
288 512
266 28
49 305
179 166
353 5
498 477
274 463
353 70
614 598
209 512
94 117
161 484
244 403
70 456
84 33
508 158
261 159
149 140
145 539
504 9
555 292
49 643
9 425
565 566
193 49
217 434
403 365
517 203
294 135
396 333
327 450
398 497
442 604
170 358
541 328
31 214
590 1
204 150
351 458
414 517
566 478
197 431
341 52
290 392
139 478
86 365
240 8
550 455
418 100
372 234
143 645
21 11
371 562
269 404
515 145
546 587
554 258
440 513
128 560
412 569
52 492
489 381
109 120
99 275
405 586
46 423
271 476
321 221
573 150
399 618
44 516
82 403
135 303
507 223
15 614
323 323
303 313
592 21
482 631
60 149
611 347
275 176
524 422
633 582
338 603
255 148
522 367
296 615
120 260
243 630
151 95
236 187
124 300
439 384
340 621
371 297
237 588
448 113
477 560
71 334
583 319
174 424
130 469
602 210
169 489
211 331
647 197
6 539
608 1
516 516
94 261
648 646
491 343
479 460
507 639
608 44
190 372
589 121
176 89
373 244
405 582
329 329
162 586
611 264
44 313
1 535
518 306
447 314
338 170
325 511
328 241
198 417
544 79
43 618
202 408
286 638
219 20
106 203
495 335
3 439
138 447
433 231
163 599
278 80
631 217
556 627
626 569
430 644
121 315
208 99
549 196
325 646
29 150
46 593
133 492
629 563
293 265
449 613
44 63
464 435
108 72
253 150
147 430
647 348
60 137
536 346
243 179
399 138
644 49
569 526
469 189
132 132
460 603
358 497
510 398
251 72
436 426
253 486
288 228
448 122
197 343
44 496
373 210
505 561
398 61
21 404
84 205
393 315
276 576
481 598
1 419
638 252
306 489
644 112
481 536
172 354
630 101
118 442
19 398
262 435
225 147
205 588
530 484
510 471
606 551
275 328
331 195
507 517
196 146
400 115
210 559
42 306
88 539
414 158
222 189
465 438
474 237
471 362
624 530
534 251
210 128
641 163
492 601
138 316
323 180
240 537
575 400
540 349
250 193
100 439
63 287
301 405
370 152
648 367
131 560
121 533
161 163
75 111
169 76
466 595
359 442
61 102
355 628
540 475
63 269
235 228
632 386
384 195
96 205
487 567
195 180
237 29
61 192
9 583
243 4
581 349
29 374
551 210
440 171
297 510
240 37
553 562
31 8
73 152
270 583
287 44
251 430
585 511
218 605
520 478
176 463
461 118
126 273
196 197
66 124
457 482
538 614
443 249
317 444
637 229
154 382
83 222
274 382
126 366
498 100
81 608
208 599
592 599
111 583
135 552
542 646
390 143
21 525
43 485
426 232
92 369
236 364
384 591
26 91
613 365
387 68
540 335
537 56
435 346
187 39
216 603
464 111
566 547
457 270
164 96
124 248
70 522
130 22
41 566
203 349
283 547
132 143
276 435
509 487
432 227
261 325
509 379
511 84
646 126
218 367
105 173
166 543
559 423
100 281
43 245
380 347
326 119
276 6
424 572
218 603
127 403
303 498
535 167
356 394
255 93
633 68
65 551
214 634
432 411
17 252
338 312
110 176
304 149
541 438
570 568
627 470
120 614
325 564
130 429
396 17
527 353
264 123
582 561
405 145
593 460
30 141
344 85
487 595
120 250
72 336
39 510
139 266
292 478
241 355
224 118
28 117
175 300
128 210
631 160
521 117
6 26
645 508
21 366
579 243
212 339
37 55
576 190
648 412
166 642
210 99
522 401
423 36
341 611
229 238
587 421
236 371
268 358
206 408
292 152
115 133
327 141
377 249
11 126
618 647
408 31
378 561
266 52
444 491
184 469
539 247
451 262
544 328
153 401
221 68
306 392
425 358
348 256
315 351
583 463
66 620
328 351
87 409
388 619
174 510
268 238
206 193
73 359
99 189
548 385
200 179
201 278
295 8
400 287
452 456
472 444
405 117
612 378
343 392
223 355
375 66
515 339
137 615
267 406
257 638
632 177
437 148
130 217
15 616
111 101
631 648
491 477
139 267
589 190
23 281
526 250
588 249
39 435
492 458
30 595
213 39
349 204
366 421
122 367
167 512
331 466
567 127
227 40
61 2
496 308
390 483
273 134
201 152
97 361
91 621
318 164
620 516
489 607
329 83
185 499
138 199
182 438
277 614
134 422
45 296
483 49
619 171
212 83
409 430
637 263
148 69
132 32
212 238
605 378
237 553
98 106
635 586
500 73
122 115
41 301
328 179
145 387
157 193
367 612
222 627
133 406
325 189
87 36
280 478
187 548
261 359
292 613
615 362
392 481
501 494
172 93
413 215
514 393
302 371
561 221
600 633
126 97
150 313
61 603
232 631
472 555
465 562
102 507
503 122
490 551
613 374
541 622
104 612
469 645
547 403
355 174
420 385
327 217
22 392
20 260
445 335
97 83
572 247
510 175
338 196
564 86
393 191
300 73
61 30
284 306
292 607
546 509
91 361
606 291
588 515
131 639
353 595
535 450
9 3
157 392
383 27
534 588
426 308
386 67
343 283
229 74
294 286
50 289
409 130
522 8
413 332
1 1
472 555
421 609
542 223
357 484
123 219
420 9
191 174
271 252
217 387
461 230
431 628
161 202
240 618
369 192
165 173
436 488
491 421
160 73
463 430
217 333
478 286
255 49
16 440
294 421
336 101
425 348
197 260
387 515
26 607
644 364
600 169
70 335
248 429
257 560
535 392
444 413
446 536
313 275
570 501
131 548
469 87
442 243
223 305
366 84
357 557
292 471
68 59
135 44
451 453
336 592
199 495
213 456
5 386
201 174
346 30
287 309
336 230
538 485
138 43
394 430
286 15
309 310
522 113
596 347
594 637
292 180
109 421
186 255
44 303
611 273
605 621
406 492
284 128
372 227
596 457
112 67
113 151
404 210
131 89
127 124
491 539
367 576
16 148
474 633
210 113
606 48
546 60
205 603
612 373
24 120
470 67
440 254
446 525
420 294
132 603
479 291
282 334
186 58
88 463
475 457
388 33
576 617
529 471
499 8
128 153
24 131
273 463
323 552
578 86
625 333
327 61
619 403
463 340
302 160
61 62
81 100
382 192
279 152
517 391
448 99
503 78
323 40
24 527
172 625
221 206
557 39
606 615
424 417
219 536
3 120
219 187
474 592
73 18
252 20
255 182
534 191
555 489
632 299
527 247
301 407
119 310
279 620
602 468
404 128
84 244
496 209
231 218
458 78
5 81
162 96
255 598
344 55
453 338
247 378
238 202
136 555
236 271
153 59
32 527
338 551
604 185
452 560
352 280
537 537
2 21
312 260
471 550
375 50
296 478
106 102
562 647
163 612
624 315
490 163
586 444
208 557
145 3
70 639
485 475
359 96
159 446
585 135
171 270
208 65
464 605
520 573
243 223
219 586
422 95
280 537
202 534
301 141
361 185
406 334
201 306
447 180
188 360
229 405
500 201
368 358
464 520
432 521
602 422
478 523
118 44
209 320
515 384
15 266
36 17
546 135
308 603
624 348
279 126
542 265
39 260
417 492
94 583
569 381
278 346
167 258
561 105
67 575
339 596
444 577
418 411
228 579
102 349
432 315
84 408
627 361
15 317
284 500
59 318
17 370
153 624
593 501
162 187
572 313
533 638
440 59
537 397
453 632
123 473
97 511
149 2
533 451
31 566
153 214
400 604
640 18
544 554
646 13
634 632
457 345
426 81
501 301
218 159
47 122
358 245
355 518
503 48
48 128
462 347
547 434
359 36
186 574
551 440
399 418
231 314
485 390
478 86
374 550
211 70
309 292
521 520
621 432
406 624
520 580
236 476
307 243
643 618
20 54
32 301
521 209
540 450
175 153
548 576
468 586
345 354
32 396
60 123
40 196
536 284
277 351
235 618
354 483
239 543
234 164
444 422
607 496
160 487
638 159
333 66
280 260
115 340
539 138
236 70
526 362
23 269
146 464
507 328
641 282
635 533
429 396
373 27
282 461
557 191
573 79
375 78
88 442
289 478
286 224
166 166
359 306
186 334
112 459
250 614
322 581
503 267
96 374
476 514
445 6
206 369
3 491
393 384
574 461
7 224
503 211
528 533
593 244
128 477
195 53
145 460
589 379
245 410
440 576
356 307
195 644
438 153
293 433
297 448
287 32
452 588
224 632
595 125
549 567
599 98
45 271
356 583
28 413
323 6
234 349
384 560
647 274
300 621
160 131
533 473
264 382
270 459
434 145
276 544
105 457
126 342
499 197
463 313
477 37
481 580
138 417
531 11
535 255
375 315
531 603
148 219
100 73
352 271
547 448
438 439
265 533
405 144
304 598
8 614
373 67
637 147
326 380
460 451
69 633
445 46
300 352
620 343
202 391
219 187
209 85
105 271
26 490
146 70
36 123
190 393
89 65
479 16
282 377
381 97
570 440
145 641
2 445
381 393
465 450
434 396
279 471
355 172
254 323
497 388
578 237
255 438
615 579
117 206
297 601
552 54
392 419
58 524
487 71
420 344
542 546
115 469
224 263
383 263
536 40
276 390
66 175
267 66
189 223
565 408
92 193
121 123
63 356
588 526
208 530
234 507
189 429
608 419
305 364
174 145
71 251
141 65
198 304
475 139
164 263
118 152
473 150
91 559
563 414
126 16
5 57
72 640
50 338
422 79
435 180
215 466
254 231
265 632
145 526
124 34
139 245
343 397
277 39
124 412
619 40
109 137
232 573
57 281
200 605
604 455
175 644
345 510
309 412
372 548
100 179
269 414
57 217
228 549
230 126
434 314
392 400
537 634
300 604
642 198
13 546
4 516
396 91
498 208
69 243
228 288
131 394
318 37
646 218
482 606
472 28
344 252
362 500
645 465
325 560
544 618
514 615
641 178
447 68
328 353
630 231
53 497
544 69
403 598
370 173
313 260
146 629
330 228
3 443
403 287
607 473
640 526
548 458
137 178
28 362
580 609
75 105
217 510
378 304
400 611
325 386
496 339
394 460
648 568
173 442
400 501
4 394
452 280
618 70
449 137
443 354
595 94
73 191
604 551
88 343
323 445
547 413
379 176
503 411
560 474
13 405
490 279
557 517
416 427
512 139
170 362
315 499
158 531
521 203
551 238
191 162
211 149
549 29
530 476
398 163
16 536
460 153
381 549
269 147
403 251
62 488
452 559
462 435
562 484
296 133
46 393
295 602
413 95
206 373
479 282
361 268
496 114
473 71
353 267
457 89
395 187
111 539
462 276
253 282
645 167
592 239
139 6
31 352
313 590
638 237
582 245
508 327
280 296
261 44
157 302
410 75
236 400
307 105
404 540
452 647
554 639
125 572
398 580
73 170
265 400
403 23
138 555
52 622
82 9
645 611
180 477
281 605
588 66
47 224
281 513
384 354
468 539
143 333
573 117
39 72
55 459
359 358
297 162
391 210
200 183
416 529
130 282
122 273
237 516
83 470
261 442
443 477
404 398
528 633
160 371
218 124
332 447
88 128
645 35
611 307
507 92
214 615
138 638
347 586
29 325
261 374
85 33
212 536
24 429
354 530
71 448
434 237
143 49
128 83
167 283
602 624
280 523
491 344
235 141
547 631
2 212
588 145
471 218
464 647
19 583
368 91
54 553
411 470
131 594
582 412
49 461
258 638
314 297
538 397
319 186
500 582
407 540
475 628
265 387
184 308
419 496
283 449
354 640
443 139
472 245
46 263
318 250
329 261
477 305
96 430
374 399
148 47
188 212
594 429
257 210
383 138
602 312
392 396
316 174
319 247
410 647
618 113
121 515
541 612
189 112
26 66
625 214
55 546
352 127
481 439
73 431
177 352
214 81
94 355
98 226
27 511
401 465
394 629
106 447
150 134
128 96
422 395
433 500
117 463
482 34
578 395
548 114
405 539
262 321
186 392
106 370
510 521
635 639
612 179
574 93
601 460
373 405
436 577
300 599
304 393
333 521
204 634
510 474
313 555
267 357
590 312
589 317
153 107
560 400
280 119
289 165
540 93
200 121
197 247
388 521
76 309
27 622
547 82
368 624
120 135
322 300
365 364
624 484
279 251
615 439
628 641
592 471
646 242
365 196
577 8
431 419
459 204
300 551
351 328
32 547
210 244
628 582
327 89
569 192
401 411
590 511
212 486
566 564
191 349
213 205
306 368
538 40
331 13
192 564
495 212
393 117
292 555
617 328
321 342
643 405
606 234
166 180
2 585
70 469
81 223
52 535
425 123
200 502
346 59
423 443
472 575
67 256
361 507
335 232
448 410
21 614
198 18
105 593
602 179
369 379
464 330
224 265
292 113
228 9
80 88
16 647
113 160
580 53
429 190
165 234
235 339
188 325
407 482
567 488
62 122
11 548
319 562
165 386
507 16
451 125
373 341
635 488
68 3
357 343
502 645
635 391
14 531
208 253
165 63
130 442
88 393
434 101
102 113
572 71
404 29
106 303
92 348
492 551
603 131
321 315
378 435
606 540
366 260
647 377
446 179
68 111
109 262
407 347
141 158
98 451
565 523
48 150
167 489
634 478
221 436
645 15
563 37
601 135
331 256
410 358
332 299
487 282
225 3
380 102
438 15
573 410
162 225
521 189
283 372
567 407
317 247
591 619
74 277
375 133
160 269
305 513
343 20
469 559
547 70
331 464
370 349
203 492
640 599
135 42
319 188
383 321
327 312
473 502
239 100
99 433
609 260
440 528
395 318
453 191
153 499
68 122
163 605
601 392
446 534
344 596
254 464
431 307
445 469
497 604
53 413
159 463
537 288
439 484
527 538
555 644
118 544
189 81
387 256
529 296
28 443
484 436
167 134
94 134
318 159
108 20
223 325
369 549
474 76
368 199
407 88
325 208
308 268
66 345
537 78
383 145
392 487
46 407
590 489
338 589
638 476
413 370
280 143
294 316
283 306
164 66
314 501
308 509
127 604
95 80
276 403
492 29
253 343
307 338
616 227
509 590
355 604
375 620
274 240
348 514
478 249
56 462
122 52
56 550
248 477
160 163
599 5
206 14
444 313
492 226
613 509
240 551
110 39
91 10
256 261
149 594
522 392
357 378
465 372
378 214
364 587
175 118
174 123
569 128
200 78
353 401
423 476
197 648
5 132
229 309
345 627
21 554
462 332
395 641
495 549
4 393
31 268
260 492
244 424
361 632
44 74
44 241
429 57
633 66
81 294
13 622
400 37
371 501
510 463
451 216
241 202
323 191
169 372
535 47
399 375
184 627
277 252
577 282
407 590
525 282
302 524
517 27
468 606
503 45
84 80
367 174
434 637
277 68
295 15
16 487
199 151
36 249
257 110
150 127
502 117
119 14
374 451
461 301
157 121
165 23
141 160
589 20
395 74
58 69
187 61
312 523
512 474
449 515
317 632
601 367
102 541
108 412
419 403
409 276
369 555
478 421
95 499
122 498
164 587
26 633
505 498
381 434
568 221
523 31
211 101
436 618
186 347
242 351
444 528
340 600
513 387
6 514
164 497
13 43
3 101
561 46
17 647
54 3
135 447
585 510
373 306
241 300
551 456
471 157
556 582
331 292
450 370
83 589
553 87
567 357
32 445
648 42
611 93
432 638
236 365
462 162
621 440
101 297
76 53
626 291
182 69
375 173
238 553
497 78
67 601
393 335
172 523
443 396
390 313
85 450
223 20
230 238
422 161
379 554
29 385
191 543
244 141
634 268
221 357
106 587
593 154
117 42
277 481
383 449
540 580
465 365
356 450
128 137
93 183
101 647
534 634
618 648
544 46
34 241
166 379
439 140
313 317
2 289
528 295
342 216
574 370
266 631
53 27
82 222
619 196
303 150
291 247
314 190
126 321
147 273
160 401
61 110
299 250
92 537
21 178
125 444
562 238
212 149
604 328
427 326
79 433
502 562
322 215
547 105
98 547
313 151
71 61
434 370
84 212
353 453
443 482
626 43
65 5
633 101
55 69
590 512
524 5
226 193
210 180
286 80
497 335
486 307
477 369
318 304
371 433
546 140
244 643
576 37
344 61
89 498
539 557
546 460
438 372
398 507
536 54
602 263
99 465
517 203
173 492
326 63
431 133
468 263
594 175
553 331
349 622
183 132
523 292
541 235
486 456
620 137
226 372
23 511
585 204
158 1
605 494
430 525
561 514
62 566
89 347
391 258
536 191
174 498
476 240
460 291
333 145
156 369
151 234
550 170
634 383
364 551
251 260
472 185
439 278
109 484
4 250
147 406
338 199
530 342
646 175
548 195
74 392
535 147
163 347
586 157
534 160
538 546
569 641
616 231
560 211
179 510
125 184
566 264
170 286
288 268
505 17
390 410
625 366
368 329
385 137
512 177
421 518
275 162
4 236
559 171
436 177
365 146
613 463
104 330
58 325
183 148
104 568
8 592
345 215
177 513
201 17
286 300
94 105
228 204
339 152
502 399
203 193
460 341
202 245
37 148
128 605
489 55
380 535
109 187
647 517
601 26
370 317
213 78
136 204
596 583
380 410
186 472
216 17
300 232
152 211
3 605
177 16
162 138
495 411
561 191
245 37
611 347
341 510
488 255
173 72
265 230
392 252
171 394
130 127
379 240
417 312
338 100
390 581
446 44
186 489
518 6
204 99
570 34
420 170
254 286
433 490
234 224
626 481
409 505
362 265
172 68
492 87
548 18
50 590
507 236
412 463
509 265
331 275
452 41
177 362
224 37
581 202
459 196
550 576
244 333
390 528
398 538
518 132
343 280
308 6
182 536
423 225
383 477
612 305
148 556
166 15
100 232
11 641
414 70
447 2
533 75
395 615
102 616
202 104
148 316
137 512
72 437
318 294
634 80
518 390
647 551
148 189
180 589
310 438
465 139
228 425
390 179
646 434
222 329
648 438
384 39
125 160
512 390
284 345
604 193
39 29
396 61
62 1
440 356
265 334
371 578
338 410
552 580
195 561
525 270
380 107
457 357
237 556
98 582
240 346
563 619
305 485
424 313
34 164
409 436
419 644
222 368
444 387
494 273
294 62
501 127
499 395
367 232
99 598
275 466
618 419
433 158
101 340
212 144
208 461
53 73
289 315
328 351
176 554
95 235
433 55
377 542
65 114
55 374
442 390
638 333
434 587
542 245
91 460
392 605
509 264
587 414
447 510
354 464
497 131
43 476
577 461
481 627
187 377
568 224
153 52
147 119
232 621
171 509
368 331
295 316
63 43
225 209
572 490
156 561
49 646
550 458
616 149
613 18
405 56
622 563
446 344
323 564
583 552
594 48
613 165
188 594
383 314
345 608
320 438
369 358
409 538
464 499
641 160
136 386
460 165
173 156
243 5
504 590
331 164
161 254
192 2
310 282
87 230
507 358
271 300
429 448
473 318
8 286
193 73
522 280
43 283
576 462
121 547
612 528
261 124
354 125
180 359
629 138
535 215
198 310
642 238
452 219
112 422
562 72
308 119
132 193
314 360
497 21
312 67
388 477
595 342
557 619
515 586
87 237
167 360
381 552
548 524
43 642
620 607
140 366
123 475
278 62
171 56
292 67
474 213
373 158
105 524
180 349
382 265
300 161
266 603
328 382
268 104
151 104
347 271
284 457
401 639
560 65
97 160
16 323
136 560
432 398
6 624
69 197
303 244
640 88
521 414
494 251
11 286
353 101
286 498
316 414
557 346
397 144
238 317
365 647
270 29
41 549
446 526
466 14
179 336
563 290
648 41
329 26
576 291
355 35
131 634
2 369
374 336
632 89
332 137
174 9
138 418
616 130
120 515
135 518
50 404
367 369
472 134
205 106
373 128
304 253
437 457
409 616
482 347
398 385
47 361
172 138
3 120
32 429
629 537
199 549
567 334
529 433
633 400
192 121
314 17
351 461
177 71
214 436
645 638
449 317
133 132
5 369
230 434
322 152
166 574
501 553
626 351
380 211
47 560
352 59
210 420
407 470
551 201
303 295
71 504
353 180
635 65
274 86
536 69
52 80
210 397
123 264
412 562
93 304
432 635
23 562
396 210
18 530
80 462
503 648
512 456
360 477
23 466
317 362
462 30
345 596
50 372
212 174
497 593
165 198
35 446
22 45
607 416
472 288
195 478
564 296
385 8
33 191
633 173
48 474
435 640
201 72
388 567
339 7
528 184
44 504
338 131
93 98
200 226
515 470
294 621
526 475
332 360
321 634
325 615
240 230
637 253
384 312
141 78
478 632
582 315
334 288
590 566
570 491
281 95
593 114
439 351
154 192
615 404
528 419
187 284
157 160
245 643
474 390
505 612
288 300
186 263
512 345
238 175
193 643
117 210
187 312
621 459
49 483
615 421
501 212
133 399
267 591
27 58
46 32
369 430
462 50
123 175
617 478
218 436
315 89
128 63
167 334
268 391
575 61
271 628
236 501
607 583
211 647
502 566
560 229
106 317
273 125
147 346
360 192
565 590
281 320
301 143
498 540
225 635
634 141
611 504
535 118
496 118
360 230
1 158
214 395
134 231
307 215
14 186
288 315
395 605
48 487
76 42
528 356
190 183
34 164
291 440
515 80
575 557
17 511
521 555
216 171
578 96
435 408
342 487
604 360
221 316
440 73
291 163
326 488
547 543
502 412
109 511
225 330
401 58
505 47
68 587
379 485
588 67
450 263
27 512
627 34
108 303
347 223
416 276
282 396
56 14
72 7
189 414
513 200
288 526
56 176
141 248
93 243
229 135
53 50
352 628
244 14
434 440
104 95
95 430
20 343
455 360
495 141
48 308
83 112
218 444
416 42
169 82
407 553
431 306
122 392
335 328
42 293
432 335
55 63
266 242
22 500
125 279
457 328
139 13
528 385
648 400
214 283
494 476
336 403
525 585
222 535
7 481
639 456
401 607
278 373
323 226
243 135
26 131
227 537
196 72
102 257
410 312
73 334
550 305
459 286
364 342
143 323
120 54
199 105
255 381
19 507
471 80
135 394
645 223
439 478
95 438
399 287
436 37
365 631
557 547
33 427
435 24
458 266
308 327
442 130
228 482
507 435
130 177
307 617
562 248
239 184
578 345
5 80
587 6
9 591
334 287
151 359
382 331
63 513
503 179
403 348
603 524
351 319
534 232
617 204
59 136
342 33
629 132
96 427
644 284
70 646
293 80
167 21
15 270
596 638
277 409
35 308
125 294
561 615
184 468
561 563
416 11
578 429
524 617
489 19
413 16
355 455
403 492
14 329
351 447
251 115
368 342
307 549
336 451
621 173
609 345
418 411
565 367
358 349
592 497
406 40
5 4
470 511
349 61
191 309
14 277
635 33
294 537
546 192
248 35
407 332
576 40
262 513
511 22
614 491
445 340
400 375
339 154
186 429
206 236
429 238
588 437
280 528
405 312
479 501
621 369
639 574
647 321
100 266
569 329
18 601
550 295
598 494
54 495
528 34
368 20
370 219
334 377
105 331
234 405
491 112
44 521
464 257
188 622
281 630
47 432
70 437
312 136
442 215
281 536
531 44
384 527
511 598
603 67
596 45
637 115
352 592
93 70
452 203
36 11
343 35
153 535
332 445
261 306
144 258
258 440
253 408
41 162
633 190
47 180
196 373
69 394
171 193
227 406
1 396
314 213
577 598
159 539
477 162
563 75
401 582
206 309
35 262
563 107
450 620
10 334
227 184
231 515
637 98
624 120
607 306
184 23
490 484
547 118
323 397
218 622
210 63
388 601
336 412
65 225
270 189
619 381
639 178
222 461
407 569
101 646
75 325
460 419
40 93
520 288
462 377
466 422
214 438
504 367
374 582
367 491
617 46
374 564
471 339
213 224
23 625
411 59
147 374
466 561
606 488
502 398
521 417
511 435
395 41
22 602
247 488
618 382
290 48
527 40
79 316
391 499
535 313
393 151
154 618
72 170
491 550
335 348
443 209
579 617
396 575
262 372
215 6
33 524
268 533
94 6
271 239
110 226
26 244
602 270
232 290
281 620
520 127
50 620
263 308
523 356
531 470
92 19
15 491
362 594
195 440
236 248
327 598
98 280
204 6
616 498
524 502
211 393
391 81
422 452
603 409
564 270
494 348
385 440
23 164
549 647
131 355
553 8
24 13
587 6
370 354
188 81
217 431
494 139
95 473
491 89
345 332
562 585
601 126
527 11
302 135
165 612
643 260
527 490
34 412
345 57
223 257
353 433
266 461
373 344
323 113
289 88
521 145
541 266
267 254
192 447
316 87
19 492
270 290
87 314
401 16
213 399
5 71
491 111
628 227
318 328
362 419
401 18
287 450
137 552
170 335
577 293
10 548
182 642
611 327
47 137
284 388
359 261
449 591
491 509
221 306
315 446
276 193
256 40
133 43
294 458
44 153
482 19
615 318
608 249
461 559
47 562
213 451
339 48
374 72
87 351
172 22
331 85
504 335
455 452
548 474
594 189
161 26
409 95
304 297
349 406
360 541
156 578
390 45
370 356
231 312
600 69
369 195
205 366
578 266
553 550
513 275
421 141
261 444
407 592
131 604
74 325
45 185
366 145
81 446
629 486
178 327
289 369
75 373
2 182
305 392
339 65
406 572
449 140
403 256
639 494
251 254
190 546
593 592
145 573
93 497
244 292
410 338
474 276
271 379
626 466
217 527
514 297
27 589
175 283
137 372
353 317
581 265
127 296
16 191
594 9
74 23
581 136
488 394
333 249
290 426
284 172
625 186
388 145
381 587
647 474
130 126
413 124
625 614
101 323
119 352
43 638
487 243
456 640
524 578
425 258
418 208
378 79
53 160
45 375
431 228
530 120
559 638
498 356
328 209
477 278
613 7
631 511
253 582
423 33
81 385
146 98
252 69
533 500
81 113
409 315
212 497
341 65
394 444
286 383
307 120
312 634
292 612
151 494
210 176
464 574
444 515
202 256
182 130
191 294
91 248
354 416
45 148
453 603
29 97
401 54
86 312
197 569
127 123
387 112
469 54
342 105
39 322
429 65
591 358
294 581
414 329
427 294
386 218
353 598
520 633
459 495
231 371
411 239
174 14
482 345
27 388
169 427
6 255
616 590
137 158
647 242
258 494
478 411
165 214
284 408
99 63
647 232
78 384
98 292
54 198
145 515
601 604
314 188
508 325
262 200
612 469
281 39
375 305
209 2
457 274
333 60
398 267
58 637
188 279
59 507
2 193
609 68
2 47
606 4
595 43
157 403
414 384
436 371
184 144
433 282
247 616
290 182
226 452
550 431
432 639
413 539
557 10
429 238
393 470
74 518
444 160
391 512
71 276
508 533
108 225
555 383
456 58
404 511
107 80
242 340
237 486
287 149
173 121
31 294
245 279
460 73
293 162
69 158
247 495
628 74
359 175
149 335
430 112
460 529
576 43
394 569
120 465
45 320
563 406
352 239
41 479
563 488
566 49
59 460
377 501
510 24
374 382
344 361
117 559
212 609
102 640
43 105
303 62
539 353
473 440
24 136
573 265
591 564
404 358
358 492
149 234
282 117
81 430
379 226
356 543
413 334
148 230
521 632
237 570
585 251
357 634
258 158
93 628
68 89
48 219
345 478
507 364
577 242
39 554
237 540
437 455
300 210
61 430
617 339
175 117
254 205
341 543
500 515
111 457
122 69
161 627
613 523
583 303
358 495
245 438
231 247
381 536
449 101
375 507
517 267
318 367
143 482
83 479
82 243
602 211
5 43
595 352
332 92
110 226
554 536
631 646
343 72
469 384
290 110
544 644
6 461
187 179
87 277
370 482
226 536
315 70
334 592
535 247
316 390
322 450
62 554
372 149
635 591
543 406
193 140
471 50
414 372
568 86
316 405
44 339
379 247
538 110
107 437
451 7
357 10
496 346
562 204
364 54
225 570
336 613
588 257
403 172
438 36
518 449
135 413
574 328
42 180
351 498
647 637
193 407
621 253
327 342
30 500
2 63
546 548
471 179
118 36
229 183
36 106
145 516
514 507
642 393
63 484
159 126
182 212
35 388
382 305
137 218
130 471
540 227
420 0
458 18
332 67
394 357
235 369
525 192
457 248
23 371
436 381
598 42
614 377
642 125
247 435
534 283
366 241
343 523
327 333
93 283
644 221
17 557
49 494
510 427
641 370
586 118
360 293
356 616
405 362
66 411
451 193
138 4
108 365
431 533
531 388
314 595
468 410
139 479
250 310
357 158
542 165
309 438
468 460
55 361
99 188
294 309
327 61
523 568
353 150
240 550
299 457
645 382
281 587
247 29
530 59
143 293
179 542
430 504
535 391
559 385
294 281
588 241
231 625
264 427
97 635
346 591
384 448
567 417
190 436
525 437
121 499
366 269
83 276
276 97
631 47
541 424
193 216
280 28
455 67
574 457
84 400
44 295
327 33
535 523
117 579
226 509
465 514
556 172
549 200
299 319
463 277
134 464
562 139
195 46
501 34
300 456
414 381
369 176
293 250
301 378
364 408
553 202
588 627
300 502
383 534
322 79
572 17
478 462
562 180
295 131
575 377
287 355
427 239
239 579
111 24
102 240
491 567
580 105
334 173
239 303
110 27
542 309
154 473
3 633
146 75
562 547
150 468
560 531
560 464
384 28
210 185
553 5
504 343
209 397
203 405
398 72
175 267
87 123
442 598
427 174
561 568
308 335
512 71
80 293
648 321
393 26
473 295
99 580
81 470
583 230
231 252
158 439
383 271
216 209
152 217
510 605
648 267
199 251
513 499
212 593
104 466
62 608
451 516
145 204
154 574
218 387
133 420
280 268
137 640
111 196
526 613
31 52
288 449
625 76
275 527
63 613
520 9
381 205
499 59
201 86
444 431
392 101
451 425
101 232
122 255
609 458
278 564
453 286
554 646
596 626
494 55
219 130
500 353
113 307
352 371
287 167
24 124
244 92
72 602
341 234
513 310
472 456
318 216
159 627
437 6
299 443
307 329
339 444
144 15
335 70
509 316
478 250
502 552
198 224
538 227
68 514
71 462
543 252
592 585
114 258
225 580
555 169
638 486
560 479
346 404
412 435
475 429
458 314
241 91
607 417
640 385
145 221
411 513
641 283
67 1
187 412
151 184
252 255
185 141
169 567
161 222
444 599
320 302
118 485
479 283
28 529
292 96
226 255
13 499
611 520
82 326
556 139
447 540
101 400
501 585
646 544
417 83
107 605
67 191
152 163
503 477
522 310
628 582
72 263
271 423
640 392
154 7
111 599
535 99
204 400
475 106
607 49
114 338
417 423
537 304
79 621
518 434
33 562
444 638
582 162
111 618
615 468
226 160
629 586
496 255
50 157
405 351
108 199
501 405
510 308
364 379
443 166
611 93
388 209
86 370
485 470
577 451
455 528
71 104
44 9
150 538
394 158
50 423
411 307
514 190
495 69
503 28
176 473
71 461
528 478
643 448
611 261
404 358
172 247
132 499
606 612
500 548
605 178
539 85
247 136
393 85
199 395
41 418
511 407
179 235
639 507
145 551
250 373
374 240
200 206
53 17
356 234
640 606
490 429
616 24
599 639
307 318
44 594
128 540
373 613
616 312
530 160
274 94
487 251
241 6
511 302
65 162
353 268
514 35
573 357
392 226
370 136
593 647
444 248
412 548
193 15
93 44
486 472
436 23
387 175
336 429
156 307
401 594
131 516
502 224
174 8
445 500
205 18
535 135
463 84
615 290
248 255
604 201
195 134
591 457
255 489
420 263
265 396
68 431
159 282
95 328
615 369
238 78
602 291
555 235
105 294
297 61
187 306
255 585
153 372
496 490
158 238
411 54
22 374
606 188
22 138
293 126
412 384
424 29
364 41
52 94
11 239
371 157
528 217
305 289
160 180
503 432
590 62
432 254
62 642
158 569
206 319
80 476
463 605
374 221
13 72
338 148
237 172
482 55
600 612
68 56
631 371
97 173
512 459
547 524
149 125
66 137
109 566
517 621
145 469
260 548
464 632
242 167
186 614
202 536
564 353
45 647
442 94
171 628
245 203
481 538
58 306
20 29
417 587
642 383
34 569
200 563
263 193
208 505
92 638
357 88
525 74
192 362
165 515
424 323
86 249
557 166
592 167
630 557
646 618
244 247
266 27
646 624
386 209
136 45
449 646
371 405
603 411
243 297
67 647
517 485
261 508
78 192
263 177
157 55
345 159
24 573
343 229
189 27
6 320
635 205
529 329
340 105
629 620
379 245
523 125
333 583
92 406
607 16
332 365
322 587
102 473
505 290
78 180
234 247
386 556
56 501
290 440
617 518
395 50
516 292
69 132
15 171
456 647
414 171
612 79
114 177
65 175
26 171
521 52
15 40
141 647
392 563
590 255
83 393
445 572
399 560
417 524
443 481
531 72
146 222
568 29
326 485
364 361
276 646
227 321
270 557
161 346
120 23
212 407
351 349
639 640
122 102
377 20
468 304
239 536
84 183
452 178
496 613
617 648
611 98
223 579
490 33
197 192
589 44
262 473
501 647
635 479
52 614
79 502
169 294
505 414
348 556
338 453
563 275
550 175
521 31
292 239
449 344
189 57
416 268
260 200
7 222
497 174
640 611
292 575
87 328
631 422
393 295
426 620
404 325
61 267
365 211
600 375
444 593
449 148
354 177
257 266
534 385
172 534
163 209
290 72
524 9
193 23
75 592
268 22
37 14
603 174
192 50
301 264
98 360
108 644
405 226
133 425
459 582
385 469
185 323
110 619
286 644
522 526
286 398
27 540
306 42
258 483
345 107
445 461
551 641
351 507
326 433
100 208
286 230
569 119
490 503
66 339
53 417
600 11
171 427
329 331
173 205
382 551
618 590
60 373
169 503
592 421
280 372
449 65
297 563
215 424
146 403
585 358
537 390
435 87
216 565
81 73
133 151
18 147
530 432
177 403
643 143
154 120
148 47
94 189
576 426
59 204
316 412
268 386
3 401
440 595
271 11
524 374
110 110
8 147
11 45
505 319
366 22
537 101
294 145
457 216
290 151
642 79
78 321
88 286
229 26
161 199
287 183
648 594
30 598
475 54
408 364
520 139
209 453
440 49
137 353
179 564
305 351
553 14
258 637
295 172
534 544
9 388
304 386
452 197
98 173
299 579
250 83
322 533
526 117
87 17
52 373
559 60
328 279
110 196
561 169
501 517
197 385
382 588
78 163
354 452
538 188
565 573
17 582
570 458
137 368
329 399
393 632
444 436
400 197
173 645
444 309
313 406
320 195
491 372
358 305
1 72
395 406
568 234
554 439
107 515
434 577
310 388
6 49
223 165
198 53
388 559
15 206
197 160
347 385
394 367
56 525
312 522
407 445
49 508
305 6
475 312
123 153
568 227
550 361
357 528
470 289
288 42
588 224
508 171
500 255
266 507
353 165
222 59
355 131
275 461
495 242
131 216
452 612
574 229
578 619
590 89
460 605
418 579
603 238
604 578
620 278
110 30
67 54
568 477
149 179
1 430
96 380
451 238
42 533
344 421
528 258
455 20
413 255
336 284
420 499
75 58
491 307
334 399
512 629
582 518
300 611
603 620
47 190
145 433
448 101
536 387
154 177
136 473
230 19
268 409
216 305
614 289
34 491
273 95
377 521
471 5
295 446
447 303
135 482
443 175
418 302
112 308
501 222
218 241
180 586
463 549
510 403
327 455
333 602
381 494
404 158
418 37
24 572
581 599
595 600
290 643
346 244
407 148
325 162
28 647
375 561
605 397
23 229
244 263
459 141
110 92
578 302
618 241
349 374
551 472
295 199
151 642
593 37
609 539
492 331
482 329
473 305
562 6
336 536
411 334
453 357
334 466
152 302
184 548
157 235
120 22
128 262
167 355
570 598
257 447
177 186
294 495
639 371
617 40
63 570
31 334
102 570
115 11
274 255
159 322
380 479
551 440
565 568
351 254
241 171
625 634
42 252
22 318
131 372
219 470
127 146
182 473
403 470
257 206
28 463
167 95
413 565
106 318
624 222
482 397
7 469
578 356
185 295
158 435
149 9
386 380
534 306
641 336
556 525
240 537
581 191
164 403
83 603
603 244
10 447
162 26
419 547
458 176
45 516
165 314
495 417
255 157
43 254
405 498
508 69
357 401
339 339
644 58
330 408
29 23
631 619
112 607
197 36
430 424
163 459
249 399
345 552
601 474
185 172
171 422
314 2
308 86
215 400
574 474
547 245
444 408
414 293
599 446
60 267
26 528
377 499
227 27
553 188
229 3
274 312
8 34
232 451
542 283
477 184
507 356
617 333
615 159
138 330
366 595
151 145
515 382
542 583
23 549
293 388
354 244
243 330
603 294
270 644
540 592
325 225
576 182
137 542
551 564
267 315
126 126
616 211
344 10
249 59
469 280
65 432
399 173
279 475
237 370
336 448
340 412
462 126
231 150
621 136
393 433
29 444
187 280
377 57
453 517
309 122
437 29
216 203
560 251
133 403
153 271
499 556
438 198
117 58
162 28
628 496
524 582
314 232
359 405
637 192
253 81
204 46
91 150
128 79
271 642
254 632
79 370
380 203
388 184
40 165
327 594
388 398
393 76
230 104
265 175
156 403
365 13
192 634
574 107
624 352
353 351
459 362
299 637
613 516
221 380
399 88
188 30
165 174
460 58
637 575
628 521
145 219
595 217
290 535
398 128
203 201
538 253
306 546
293 32
15 118
6 417
573 391
43 405
19 321
621 6
276 152
338 235
314 582
498 97
487 378
15 577
554 457
225 305
568 426
614 539
383 183
127 447
208 432
109 139
310 626
492 150
408 315
526 611
183 145
28 148
98 465
621 231
450 124
575 373
119 362
637 423
440 580
19 567
255 163
556 135
378 260
354 443
403 115
302 413
501 200
407 354
632 625
139 521
612 239
91 98
72 371
556 16
375 17
124 232
163 124
114 586
301 581
222 313
270 319
264 355
342 106
120 508
556 615
247 22
171 351
88 417
447 83
348 393
20 264
335 269
326 588
514 335
5 279
408 391
266 232
193 530
482 520
605 171
561 550
149 68
173 114
78 478
425 210
33 321
271 533
606 622
535 406
258 423
588 160
595 471
184 462
505 347
198 109
314 618
360 400
521 212
586 462
544 75
579 70
96 108
359 84
44 552
210 303
163 102
606 161
504 10
82 237
438 314
579 266
107 102
100 586
189 111
4 395
187 100
431 366
475 301
80 383
619 204
224 8
538 315
576 276
84 401
203 16
147 80
599 550
179 251
206 422
576 282
397 39
542 312
193 317
7 316
250 304
461 106
118 267
349 161
20 135
179 196
340 32
89 352
384 330
586 599
627 497
7 250
6 425
54 320
592 479
146 576
557 22
639 443
380 278
522 479
608 292
265 486
98 100
459 615
520 534
369 308
555 474
375 358
154 73
416 560
13 277
378 198
323 216
37 68
115 149
473 527
278 224
215 152
585 308
474 436
280 258
120 270
569 328
469 50
515 313
481 395
488 190
199 411
491 620
175 520
152 353
290 394
74 23
59 174
256 101
400 218
135 282
162 304
461 291
99 410
152 100
396 304
132 287
547 4
579 122
603 617
110 386
473 568
444 17
80 595
460 521
401 643
68 401
336 163
440 106
245 546
355 34
381 400
573 131
122 123
138 332
457 205
232 412
222 462
464 458
587 31
630 627
244 165
478 319
411 457
451 147
47 574
284 559
325 224
266 420
87 612
120 388
433 141
45 549
234 288
535 80
316 169
581 182
253 172
379 405
591 293
628 573
115 364
149 478
357 254
459 59
228 460
10 319
583 422
360 605
370 39
400 165
345 498
526 478
276 293
52 514
267 531
172 611
275 291
330 138
164 340
368 425
97 551
18 542
405 297
244 230
343 502
234 326
316 294
294 518
528 464
537 570
479 75
157 517
85 84
261 349
57 41
395 592
3 205
322 271
240 508
487 552
190 149
123 368
523 210
482 53
416 581
589 430
434 260
30 204
70 189
456 148
79 248
61 490
242 55
535 530
522 287
112 70
414 540
542 434
140 45
466 8
291 256
509 113
238 477
191 413
45 167
276 399
611 464
394 206
600 56
291 578
83 520
224 145
146 112
172 76
438 641
320 145
321 398
637 89
241 176
254 224
136 278
433 292
473 497
413 396
381 302
133 42
243 204
71 317
457 212
102 478
613 333
487 216
479 224
93 434
640 332
171 95
215 163
412 50
208 437
481 380
552 50
3 183
643 560
361 469
28 133
470 14
565 416
310 110
497 227
621 184
56 94
269 196
277 326
453 599
595 127
438 567
196 372
133 127
234 192
507 385
156 156
495 334
639 587
458 11
372 113
204 604
566 400
543 213
450 609
606 631
157 36
69 510
252 42
127 522
254 463
543 309
195 367
570 646
79 6
371 343
599 461
617 396
277 247
359 546
353 430
208 275
208 66
63 583
277 169
633 99
115 105
632 24
397 412
336 489
548 465
260 381
133 343
618 483
354 147
329 513
509 22
614 524
570 366
4 397
538 146
398 200
18 18
410 435
336 250
353 67
160 556
130 509
471 422
10 335
388 14
430 413
327 148
61 354
50 482
228 169
577 391
139 172
427 579
58 95
100 494
399 429
407 488
481 153
60 248
211 550
255 263
611 498
234 80
372 475
643 97
1 2
263 308
42 398
592 381
134 60
549 391
40 588
340 592
526 526
359 61
581 152
280 197
472 144
319 351
464 215
133 314
640 443
338 205
58 500
183 356
4 628
424 591
224 523
569 93
153 609
446 202
386 213
334 581
120 34
579 552
290 460
338 477
292 616
538 254
276 104
390 583
412 599
95 78
360 8
164 375
169 7
583 365
431 49
266 55
641 554
100 33
251 419
460 174
578 394
182 473
533 495
398 516
553 240
343 234
286 261
62 383
71 355
590 455
530 433
548 55
256 349
603 166
46 78
331 216
250 550
516 442
589 200
316 494
412 101
2 392
156 491
398 547
208 240
165 46
336 616
322 80
355 86
279 286
466 525
293 175
431 176
273 3
378 331
471 308
388 49
523 48
162 476
118 398
280 503
138 134
219 503
479 244
24 397
562 302
231 264
362 368
229 101
499 65
195 643
517 257
156 458
638 514
52 507
460 250
335 83
146 151
188 7
590 248
521 423
191 605
66 419
405 71
587 278
638 625
47 276
93 173
292 432
156 475
555 466
34 425
195 287
197 449
543 153
615 399
127 472
307 620
267 241
437 205
417 133
71 218
289 95
639 148
314 75
529 7
365 66
516 451
646 8
388 79
414 391
590 201
323 166
