5000
443 387
96 464
162 172
387 16
477 108
505 227
477 132
576 40
471 210
335 73
150 252
449 433
426 33
61 630
48 411
84 587
544 45
252 491
33 187
564 158
138 374
312 210
179 635
93 442
459 203
639 458
182 29
431 24
223 106
26 461
176 10
478 568
494 47
430 507
340 152
549 26
330 342
435 479
84 293
524 11
327 461
479 269
527 582
359 68
486 57
546 593
505 105
146 174
28 604
544 564
81 478
131 612
260 169
165 274
578 107
183 120
300 553
47 538
95 314
416 581
619 573
299 224
182 639
105 508
121 54
26 470
212 201
32 625
434 401
388 633
332 130
175 114
167 70
645 315
410 432
46 128
69 430
71 5
366 136
79 244
81 609
188 234
105 219
166 242
388 167
482 527
566 200
484 172
627 608
74 35
215 263
202 592
146 218
500 621
109 161
360 197
538 318
215 169
197 630
562 95
471 245
530 525
434 145
40 384
303 641
26 127
351 560
137 517
498 404
312 268
517 542
509 297
122 504
121 258
524 430
107 327
369 45
306 484
527 218
498 267
414 384
462 133
450 37
609 334
417 150
409 589
249 366
575 442
105 443
203 280
602 325
491 591
408 426
114 464
223 396
134 28
173 553
199 208
115 215
553 565
608 477
455 554
549 147
3 393
635 92
119 117
201 217
626 618
471 353
335 162
68 124
46 224
422 58
163 226
588 37
106 55
395 570
528 219
112 128
63 440
537 93
97 164
203 297
372 319
304 202
91 212
44 573
145 87
313 637
643 100
127 510
152 186
412 385
438 401
123 385
535 79
35 556
613 529
24 461
270 374
403 317
411 442
497 448
102 365
200 464
86 37
180 182
613 461
606 238
199 357
232 252
95 215
197 642
357 577
247 301
65 69
151 455
456 359
76 367
241 378
595 624
563 223
354 119
289 390
277 42
410 104
395 221
531 228
555 394
557 69
66 312
41 340
115 114
150 330
40 431
211 379
293 157
585 331
255 344
440 344
291 188
106 400
180 109
644 342
97 257
85 604
600 326
341 435
115 555
290 527
462 130
102 80
52 359
526 382
32 552
283 68
178 37
474 421
637 249
291 304
276 56
472 253
620 105
215 42
354 162
503 235
119 443
521 478
352 370
313 362
637 228
335 210
456 646
130 413
208 288
299 75
94 35
611 31
209 367
366 373
55 492
406 572
543 219
640 303
608 617
231 149
30 208
485 416
71 465
380 476
345 395
41 392
105 72
641 624
24 420
65 551
144 521
256 28
303 541
641 174
121 425
111 32
360 295
570 490
425 347
563 568
234 624
552 227
15 598
100 559
625 360
24 420
119 100
39 631
394 602
28 170
450 617
608 205
286 80
468 414
593 92
18 484
68 449
561 97
447 292
314 313
312 177
214 1
112 112
279 602
99 296
352 469
495 42
540 434
148 274
429 634
197 123
458 429
595 500
202 527
580 78
228 495
11 329
425 313
310 307
615 297
266 621
370 7
397 73
399 3
408 609
405 330
425 380
464 387
10 283
112 50
156 641
57 291
386 183
201 309
542 212
588 538
554 331
234 561
520 43
335 5
321 507
583 508
130 197
219 289
109 223
555 555
93 240
14 101
367 157
645 542
35 143
397 325
314 300
261 99
229 329
63 62
2 404
70 295
211 635
413 43
427 98
215 211
640 48
171 192
508 368
316 638
445 305
443 80
559 543
94 35
413 299
617 146
314 106
405 495
112 353
305 261
255 438
203 452
202 618
521 552
67 36
359 287
230 528
360 307
14 148
122 563
160 419
378 43
85 641
622 396
550 508
250 35
336 352
444 395
253 281
565 257
523 496
78 557
374 96
158 188
406 21
450 85
572 577
430 133
23 637
160 507
229 115
399 417
121 598
578 26
332 354
144 223
35 190
237 92
490 566
460 572
44 486
359 310
603 572
267 322
432 271
290 502
216 261
4 188
80 320
645 546
483 100
141 333
612 383
316 45
607 508
539 180
18 149
99 626
465 642
543 294
267 26
66 139
613 361
539 154
476 19
203 108
329 278
167 234
423 56
50 550
528 48
170 290
321 107
175 170
462 583
330 72
628 632
127 360
81 468
317 484
646 247
401 66
520 476
326 218
188 550
91 151
616 294
48 507
423 533
251 443
544 372
162 200
188 484
292 492
474 576
599 203
214 466
47 121
365 282
522 146
351 400
210 221
489 265
444 439
432 436
509 640
180 204
612 461
522 208
141 109
125 293
452 138
26 17
479 574
81 287
15 201
70 340
370 330
518 191
509 494
647 599
482 61
147 122
494 1
406 248
460 179
105 589
100 618
286 413
312 122
478 97
403 117
644 569
562 491
297 213
279 150
55 293
549 8
74 219
257 452
568 358
172 599
183 361
189 478
107 338
341 332
355 607
241 11
146 41
195 308
352 392
401 336
484 492
143 110
242 82
115 358
631 494
176 458
115 407
635 613
294 639
130 489
65 309
413 637
379 170
608 427
626 546
186 215
119 553
248 617
372 608
375 115
188 494
520 392
544 287
227 110
60 41
235 569
270 381
360 283
275 67
314 524
299 202
430 119
94 431
390 583
191 239
286 432
409 482
60 557
312 33
69 641
534 485
583 124
488 8
626 281
318 488
180 147
179 287
520 20
315 279
548 16
339 646
219 630
300 303
435 334
36 107
459 261
560 424
432 20
381 591
61 268
141 452
20 447
599 180
79 385
576 58
608 26
235 563
451 446
123 483
313 115
430 242
638 487
579 423
199 631
68 641
445 380
391 148
418 518
499 520
575 429
150 408
95 539
150 556
186 18
329 310
424 523
523 421
541 79
248 160
262 569
70 452
237 523
613 48
257 52
343 186
89 301
75 279
483 256
10 627
364 471
502 374
187 642
112 244
291 261
128 263
382 444
59 197
568 218
66 477
108 563
107 7
96 117
40 539
548 394
307 369
52 251
107 263
321 501
583 153
476 167
471 531
44 374
436 80
7 30
622 200
277 319
127 244
186 302
488 95
26 8
443 458
444 112
585 178
419 191
162 35
219 577
240 121
35 457
546 365
551 487
223 7
5 49
35 408
50 531
43 536
13 201
114 460
335 564
619 459
355 282
384 573
37 55
443 101
503 172
643 263
384 277
347 254
391 333
510 582
580 555
557 400
589 10
382 529
560 30
540 315
361 607
630 28
133 542
507 169
488 631
492 427
214 459
294 45
536 644
465 607
73 308
553 180
49 334
439 268
192 216
590 293
41 163
47 633
482 380
97 616
561 118
94 82
42 421
366 278
322 491
143 123
629 423
477 263
472 439
260 150
248 322
43 557
513 559
115 592
501 566
334 468
544 487
340 182
94 169
494 175
58 65
34 482
43 248
176 221
74 144
305 561
132 335
408 184
55 61
110 257
223 110
369 16
182 386
484 525
335 471
478 573
365 22
495 191
33 456
164 208
611 511
412 388
343 535
514 551
70 205
563 264
287 243
579 236
316 573
3 464
588 508
356 188
235 520
344 112
490 504
444 332
478 29
577 165
30 251
619 134
140 486
569 319
559 369
455 134
555 554
149 152
347 375
537 411
91 228
81 418
313 508
552 180
235 113
199 463
338 248
286 356
434 163
588 362
277 446
271 178
426 166
279 101
539 23
356 184
476 631
6 527
375 282
237 561
412 257
638 138
321 322
306 197
316 249
425 371
603 123
533 218
479 530
627 319
214 108
169 438
61 84
152 391
304 143
235 96
397 523
62 578
488 7
79 275
174 151
112 391
541 239
210 283
54 354
74 95
524 52
456 189
628 127
223 332
573 288
122 442
365 19
328 287
537 87
308 490
213 356
582 398
447 279
456 587
390 141
583 557
144 461
553 344
409 498
374 447
486 258
374 408
130 483
630 36
222 430
586 559
144 505
307 457
210 514
65 472
225 280
596 323
537 18
499 422
257 618
366 419
5 10
121 377
457 495
91 386
357 107
531 538
265 381
35 107
242 573
132 193
273 317
30 406
320 523
293 595
526 317
316 284
386 58
66 315
192 31
338 368
430 399
85 34
404 494
39 174
88 434
98 403
267 344
76 299
420 419
24 61
405 618
461 580
130 65
186 24
261 89
225 399
319 120
583 189
316 538
496 203
639 73
453 430
148 276
459 375
618 110
123 355
284 190
497 631
205 297
319 456
303 581
141 188
141 528
413 97
573 399
318 418
518 391
319 27
417 628
328 283
43 478
139 483
179 642
331 164
234 333
2 563
575 174
385 262
250 63
193 269
523 8
84 540
4 594
203 459
406 343
487 518
425 634
500 508
362 318
524 8
121 218
335 202
338 276
535 10
323 148
638 52
159 235
526 309
178 460
502 213
524 396
497 46
122 276
479 241
475 4
488 536
262 219
228 293
647 637
255 76
513 5
422 342
175 355
466 609
619 608
601 278
396 537
444 62
456 333
647 101
404 565
125 570
134 288
341 362
239 420
434 235
500 73
331 502
639 9
147 154
429 635
594 74
172 551
202 185
600 157
319 409
475 543
130 429
306 522
22 192
596 120
626 74
63 488
94 224
528 156
638 225
517 510
528 231
326 410
291 215
22 260
573 46
46 631
137 370
619 15
492 172
208 269
492 439
286 91
228 440
124 416
54 626
223 248
626 125
2 174
561 193
451 229
613 161
63 495
280 282
171 292
418 78
105 295
590 163
287 303
19 202
370 515
198 575
86 301
351 73
140 101
160 603
148 540
229 520
73 563
179 255
108 619
316 606
562 604
461 572
303 432
308 476
386 63
126 640
396 393
404 159
122 399
347 100
632 143
5 315
625 609
276 526
413 458
344 201
34 264
247 306
646 278
214 573
112 224
257 530
201 546
443 312
450 325
599 132
614 517
4 629
601 355
462 476
95 632
124 117
635 513
172 490
227 390
568 269
469 356
241 209
37 596
609 69
598 444
314 331
118 359
5 227
306 70
291 10
594 369
97 442
446 329
644 8
239 267
218 555
98 648
590 564
136 56
320 59
390 313
437 611
274 586
333 381
300 404
495 170
236 631
378 182
41 256
510 42
384 452
453 546
97 494
292 407
92 600
366 527
646 177
296 178
74 131
205 645
33 59
92 393
206 291
291 617
618 494
388 280
283 2
108 80
406 549
190 1
124 410
304 541
539 115
489 313
174 53
316 34
283 185
479 478
144 35
251 364
366 605
35 564
269 619
538 523
214 515
96 200
388 219
478 299
320 316
562 615
232 148
598 437
177 189
136 209
36 191
295 366
182 551
46 367
92 245
477 448
524 262
68 580
431 604
411 380
11 485
579 112
650 342
291 248
200 184
508 437
35 202
164 270
36 572
70 96
511 153
176 626
343 149
7 515
180 43
530 159
479 586
78 566
128 251
339 195
352 495
304 631
112 61
227 606
449 391
547 84
338 423
405 434
591 219
225 161
423 50
642 4
248 139
341 633
322 43
479 642
627 530
6 361
408 228
625 205
642 403
566 202
27 84
527 34
202 179
52 5
455 69
490 28
518 84
75 468
498 83
330 395
370 8
548 265
304 250
645 513
514 189
204 315
439 580
634 61
463 635
309 336
5 61
275 499
359 418
438 86
248 278
342 57
446 292
483 134
439 127
319 453
372 438
501 171
54 10
124 587
601 549
562 146
409 148
301 382
561 187
94 508
193 202
212 323
35 128
386 399
261 527
483 227
2 517
362 40
120 581
153 488
322 32
366 302
438 640
527 430
203 247
541 307
187 121
43 421
553 88
409 560
253 82
521 345
357 381
449 275
16 496
271 257
290 557
644 484
102 556
514 577
240 404
550 265
422 286
514 379
616 520
473 388
297 242
122 628
164 575
59 631
164 306
120 522
130 54
99 306
243 216
235 490
502 578
70 451
470 167
300 174
432 162
153 140
412 462
31 294
394 390
308 533
230 374
343 469
392 330
158 573
314 413
635 37
588 518
508 68
507 250
148 462
639 463
216 27
313 464
489 500
43 33
392 536
284 177
125 633
139 456
494 613
56 626
216 302
646 574
144 268
130 240
172 294
97 543
278 102
237 147
121 538
647 74
516 468
236 543
637 444
131 444
61 561
313 422
645 611
503 354
240 534
641 626
631 263
257 479
592 206
469 321
87 4
357 319
383 595
106 21
24 572
453 111
536 211
327 357
66 501
598 115
247 645
140 258
570 453
474 499
171 253
517 134
640 242
48 180
567 498
502 422
442 58
105 632
37 34
568 345
243 569
452 72
637 616
589 381
535 223
225 58
219 258
340 358
228 423
638 562
494 18
251 420
497 520
28 221
306 352
383 439
23 498
53 5
206 411
538 122
228 587
568 109
534 154
422 632
565 340
514 210
459 243
464 446
547 590
239 585
489 228
293 644
221 145
489 11
13 31
629 239
411 413
369 401
79 133
618 548
398 279
628 111
462 192
315 414
424 422
197 627
489 338
575 327
390 605
359 644
104 80
470 180
426 562
228 578
247 133
16 226
484 141
618 475
137 391
442 403
196 257
126 206
47 222
81 217
485 122
560 398
310 589
386 32
437 419
199 598
347 576
391 391
59 646
416 92
122 228
517 306
481 226
466 498
514 523
115 50
547 67
404 646
498 67
102 573
275 380
91 106
212 486
392 84
331 191
273 373
75 588
336 407
642 5
365 4
611 559
625 507
308 494
261 622
622 241
369 145
42 468
351 459
612 383
369 1
87 494
166 572
284 353
560 21
278 89
127 600
265 608
202 405
278 355
399 128
578 554
120 477
410 353
22 242
3 398
28 219
26 497
514 336
448 202
323 559
3 79
14 563
572 593
86 241
5 314
176 505
484 328
111 176
14 398
451 219
240 71
478 186
269 53
620 293
261 328
224 58
238 369
638 635
276 615
104 583
464 460
555 475
425 374
180 487
22 71
159 108
398 503
342 61
199 604
3 313
11 382
546 488
576 572
449 407
27 266
622 603
5 57
468 306
647 296
588 9
505 121
574 645
321 574
502 256
216 88
492 158
139 576
407 112
271 73
268 479
618 314
211 221
605 203
444 521
19 278
268 222
21 498
383 267
192 260
198 152
101 110
641 345
139 533
87 242
611 452
172 641
2 304
215 562
393 255
143 2
283 411
46 278
448 157
287 604
37 281
10 305
386 567
101 187
365 160
566 312
580 561
461 122
204 315
505 137
93 398
471 104
183 319
595 203
174 159
41 641
108 2
226 297
455 276
115 520
333 19
127 648
469 286
411 379
214 229
307 33
483 418
529 180
629 343
72 639
433 556
576 60
140 378
618 453
605 502
192 619
121 308
538 637
384 75
43 288
291 239
421 495
377 195
248 164
122 59
386 261
200 645
508 362
631 451
68 250
475 450
22 169
554 564
601 347
229 264
258 169
488 134
585 187
274 164
494 165
3 587
61 244
10 631
609 268
239 449
399 331
355 157
576 360
258 367
516 582
308 329
323 355
605 503
161 56
399 627
445 201
138 258
232 539
264 70
505 80
353 18
97 457
316 384
346 551
221 331
179 209
258 136
22 338
203 32
305 268
569 209
371 501
368 284
414 185
289 101
627 627
121 580
343 627
618 62
144 177
592 629
329 576
183 310
591 427
485 158
248 572
340 457
512 626
139 211
548 144
444 393
487 348
243 613
113 184
275 508
592 283
508 306
60 133
5 470
70 471
372 361
514 366
333 200
577 11
592 400
256 138
50 18
392 160
241 412
186 479
637 132
514 502
55 46
387 489
293 223
409 346
371 600
172 9
489 166
321 509
423 630
566 11
282 509
166 538
622 433
515 345
165 556
37 128
237 139
577 182
253 171
641 526
503 425
634 598
147 559
213 29
606 632
433 331
96 17
99 190
296 632
384 340
81 564
574 612
595 15
255 232
96 393
570 83
241 111
357 229
444 257
231 282
117 73
554 102
5 202
127 565
61 240
179 183
250 258
137 498
574 608
319 199
514 189
336 371
535 52
294 50
147 546
270 602
166 627
391 604
491 132
7 32
437 360
465 151
339 553
327 425
146 510
552 550
26 221
486 117
266 433
250 332
632 496
67 616
421 256
476 364
234 76
29 621
214 471
600 118
387 209
79 620
401 408
619 507
200 562
509 644
496 88
1 141
29 35
485 316
226 339
234 235
439 479
185 286
378 452
96 258
457 550
113 381
288 422
241 83
484 455
284 565
33 169
347 338
67 297
191 151
213 19
554 176
567 602
614 271
581 85
209 406
72 536
153 634
107 341
214 96
221 552
490 421
302 266
358 533
505 70
235 279
256 486
632 279
2 122
349 412
41 632
371 198
238 327
643 618
471 498
407 284
227 3
243 231
500 521
258 364
633 85
274 114
421 542
301 540
2 107
501 320
173 125
78 439
206 205
125 346
352 522
171 568
520 306
557 600
225 529
418 513
535 235
457 335
118 537
208 325
383 171
567 365
292 290
244 499
546 501
574 49
249 31
548 303
219 484
598 149
296 602
232 635
271 542
208 130
455 553
510 218
13 32
530 247
514 110
50 15
279 273
521 40
267 94
381 354
8 628
205 375
97 520
270 226
434 163
145 200
587 17
513 323
567 535
59 8
404 301
569 539
442 501
261 13
342 34
193 179
489 384
254 620
463 396
492 631
362 416
308 319
313 179
195 84
316 81
295 639
347 271
417 371
152 551
405 479
643 619
266 303
235 326
295 94
74 198
274 475
141 591
577 533
184 212
459 7
183 236
40 173
613 528
527 348
640 543
45 258
290 118
124 206
318 365
154 511
338 539
353 393
245 108
590 598
256 368
574 468
468 604
593 146
522 238
459 343
471 281
325 306
368 536
252 487
627 420
590 403
17 435
52 434
253 264
561 131
160 248
459 136
217 464
167 161
559 143
197 616
320 464
421 513
576 381
422 144
93 457
56 40
503 131
151 335
237 212
461 13
120 534
642 44
641 237
37 607
62 10
149 232
327 238
61 72
403 299
169 206
92 327
212 10
43 580
536 591
29 396
288 390
40 281
79 102
26 581
342 40
46 238
127 217
102 93
32 173
130 536
452 343
612 568
41 561
640 290
449 83
15 344
607 7
593 382
412 478
543 640
380 394
632 188
29 79
639 352
241 178
514 8
20 549
23 315
66 300
188 277
576 46
21 260
289 630
548 599
294 525
608 552
325 40
315 637
234 399
525 159
381 31
124 122
199 284
494 271
476 608
603 297
503 291
321 572
92 460
274 400
326 572
5 468
242 340
384 573
425 361
505 28
594 273
395 613
323 72
262 505
572 28
23 9
368 171
123 22
351 100
104 395
269 500
365 535
19 353
105 583
318 632
309 170
421 271
437 396
608 247
433 634
210 567
206 323
130 387
469 522
162 563
26 267
379 344
231 343
605 521
113 104
460 637
112 264
177 485
477 97
293 102
58 328
176 221
287 247
126 276
456 516
291 562
471 193
419 608
11 281
335 225
319 477
551 396
190 490
47 455
347 57
445 240
73 434
24 80
372 300
318 178
620 637
502 254
382 169
166 420
106 75
136 212
132 228
504 377
164 457
165 478
438 91
568 523
195 617
373 68
222 451
293 359
270 445
267 2
592 452
557 189
247 594
366 219
258 471
478 206
630 235
604 202
412 580
36 442
435 8
94 477
373 450
461 187
364 426
313 605
472 146
222 188
254 218
462 410
346 280
50 615
554 576
336 286
439 644
121 495
27 31
49 340
217 487
385 460
450 193
179 599
624 431
242 452
555 91
30 195
276 386
520 533
182 54
411 462
41 447
486 418
304 294
568 178
412 357
575 190
244 266
79 224
70 563
225 16
5 484
331 315
357 303
33 278
3 412
40 642
410 212
403 443
296 320
444 535
549 109
149 555
611 143
461 433
229 590
323 315
5 348
466 197
592 553
542 130
93 381
308 342
528 125
158 422
243 375
80 588
2 260
49 7
341 451
606 619
3 20
463 315
478 123
88 99
235 283
49 512
130 1
231 648
267 646
453 111
525 645
22 370
399 313
421 578
525 58
201 165
396 624
333 386
209 379
373 372
373 288
432 113
88 338
369 645
555 202
635 100
414 338
598 136
235 362
392 189
465 561
351 23
503 276
1 474
557 186
278 135
119 319
330 269
470 365
271 297
35 195
327 620
635 522
642 574
598 284
497 72
433 61
37 234
334 449
589 125
175 547
502 501
587 172
412 15
23 390
66 425
497 101
340 505
179 456
126 367
459 370
322 240
358 153
294 461
550 78
413 648
642 156
594 447
627 400
322 190
318 247
536 358
159 503
379 399
450 267
235 410
166 522
48 208
262 323
537 217
275 58
258 391
361 554
434 462
639 473
513 371
158 458
445 287
553 529
215 485
527 406
210 222
325 159
85 230
548 320
169 62
119 45
537 348
75 146
603 414
404 611
63 344
226 162
37 125
552 410
133 326
125 563
520 340
617 284
535 225
414 84
382 281
217 195
228 628
147 552
208 172
47 469
123 586
356 126
214 121
319 21
69 151
644 234
416 245
254 162
618 19
455 473
416 73
592 354
2 53
456 151
339 188
247 143
340 640
369 525
249 613
557 229
197 150
172 536
624 633
566 370
387 273
158 616
453 14
283 301
360 237
294 352
101 447
508 146
357 595
180 313
41 399
229 470
391 59
133 88
228 515
106 535
279 63
460 407
183 185
100 221
527 373
166 274
500 528
342 564
551 496
80 455
219 592
206 382
225 309
245 284
286 602
205 130
42 568
533 234
229 370
614 647
469 466
73 470
546 552
176 635
15 620
218 254
101 377
11 534
603 498
11 648
255 429
529 265
381 401
629 517
637 226
289 190
560 509
148 228
497 331
107 587
360 445
648 605
39 81
344 320
340 274
48 82
421 89
61 499
399 647
281 341
141 534
481 69
149 164
33 94
385 408
188 293
600 69
323 21
343 542
589 265
327 260
73 463
288 214
204 42
111 357
70 275
92 225
448 57
334 166
547 154
23 89
567 585
593 383
397 269
619 447
253 18
398 104
486 328
296 478
361 197
425 540
325 555
336 226
28 140
121 156
139 421
203 199
306 75
45 171
130 113
641 39
19 50
494 397
371 304
472 53
287 471
482 158
32 24
215 598
54 167
464 115
235 645
336 132
452 555
459 54
105 71
164 322
427 579
490 618
238 278
78 133
222 355
381 217
631 189
252 234
390 203
403 240
96 309
342 502
621 245
411 282
356 169
141 67
341 379
586 231
547 644
356 87
62 18
61 574
508 191
14 510
481 128
61 400
195 333
258 479
96 588
29 322
396 79
66 478
284 489
544 345
306 620
430 546
622 228
106 127
524 104
118 257
635 111
264 92
34 301
148 301
517 270
460 517
424 242
371 479
632 202
630 156
469 626
322 162
371 479
26 381
231 488
481 457
15 628
326 150
414 516
300 8
84 637
594 640
98 10
436 108
625 326
185 132
498 195
226 271
213 358
41 52
24 435
461 472
292 554
438 488
297 284
479 368
68 33
440 111
461 99
110 30
277 501
630 487
537 11
192 604
208 497
541 595
154 640
473 34
505 355
225 468
99 578
424 627
502 486
214 167
554 550
359 171
19 440
508 209
284 534
444 283
580 78
398 461
602 4
17 486
559 330
401 445
196 100
598 436
348 307
430 268
352 123
472 9
510 536
1 553
408 616
139 87
620 250
561 468
352 172
121 492
529 288
339 204
138 296
322 568
527 98
459 156
37 442
474 82
367 492
596 144
403 83
17 75
500 456
622 515
327 475
230 13
60 98
94 559
113 67
511 395
163 161
76 530
447 548
388 547
521 268
145 512
209 453
199 593
247 243
123 462
593 622
67 57
319 133
478 227
320 29
226 244
559 239
291 476
11 346
637 401
377 372
260 150
383 523
219 362
379 553
279 52
619 473
535 572
315 556
241 383
197 608
45 304
616 549
612 353
212 505
492 455
542 621
392 581
569 335
617 151
131 254
205 128
229 426
78 297
226 175
426 530
412 287
280 461
511 621
374 645
218 634
216 97
408 570
323 593
631 561
57 305
185 577
307 178
523 150
109 9
433 160
292 446
16 631
86 96
244 400
515 6
403 388
22 355
607 325
521 536
229 515
429 148
413 184
555 113
619 469
14 460
97 184
198 450
359 600
593 44
200 457
641 599
540 22
206 504
40 446
348 563
435 641
477 533
435 552
598 252
254 224
379 567
399 411
548 640
159 387
206 6
424 254
132 606
320 345
445 11
110 341
60 418
628 16
248 525
612 29
481 548
638 629
137 84
364 353
264 601
341 611
211 190
631 641
366 158
464 130
206 140
204 416
425 435
201 287
52 78
78 161
604 491
524 384
137 138
63 353
617 309
72 82
460 161
262 56
183 117
438 352
640 606
187 440
55 315
624 424
158 628
451 180
321 479
542 595
500 498
553 226
559 352
348 497
555 579
335 309
477 451
130 227
611 48
150 321
99 492
130 302
397 313
607 620
316 2
295 172
629 306
33 260
536 522
5 401
209 404
378 371
520 17
109 627
588 521
487 119
296 518
432 126
419 589
412 340
427 419
593 637
303 211
188 59
596 382
19 262
96 144
491 338
141 180
498 112
587 635
557 203
331 436
472 339
288 407
484 643
616 551
132 238
17 186
251 413
30 420
165 152
123 362
21 609
286 71
619 56
106 65
518 456
14 314
308 118
270 66
137 443
36 22
178 146
300 265
115 254
401 489
302 451
446 128
520 299
152 640
183 333
581 261
183 238
414 69
213 230
15 429
196 275
646 457
513 364
595 158
291 457
294 531
313 462
559 156
362 113
299 535
529 587
176 358
322 228
386 78
409 612
478 308
465 475
70 17
277 123
465 56
34 403
438 17
134 351
527 89
189 538
81 549
70 320
526 411
394 303
437 192
186 318
463 418
293 164
112 392
127 210
250 57
22 147
503 426
121 443
503 496
37 216
444 172
562 410
374 648
488 92
434 309
187 187
466 167
501 19
179 529
279 483
42 406
399 356
293 214
280 566
78 426
380 144
286 491
278 550
274 45
9 237
637 42
253 616
355 14
443 423
452 309
644 274
431 646
409 68
422 461
120 196
466 106
196 461
141 100
131 303
643 94
174 276
133 364
366 101
580 540
108 637
91 637
425 226
107 318
109 164
553 601
412 418
411 631
538 287
358 403
154 335
408 70
301 268
206 525
297 86
512 438
332 106
518 475
526 245
41 385
483 248
635 97
425 466
631 234
550 212
238 352
160 473
67 180
355 173
63 378
191 608
460 342
355 647
489 386
341 491
283 150
146 364
150 147
310 106
577 544
271 491
390 5
429 566
431 540
429 236
479 620
29 559
438 573
292 167
642 160
554 35
365 314
507 74
149 478
498 193
114 620
470 231
347 222
269 533
173 52
102 542
35 646
93 446
113 120
149 485
150 646
448 177
318 439
94 418
577 67
343 626
445 28
23 241
106 75
291 528
10 504
592 53
334 205
154 92
335 407
365 499
319 648
309 394
577 517
43 455
130 573
470 270
185 37
318 27
206 444
504 395
71 312
411 598
99 245
502 606
521 523
580 240
439 544
32 530
315 525
176 67
178 549
468 340
22 630
522 431
494 419
401 147
97 344
299 306
515 26
352 159
107 172
406 390
290 388
130 228
381 271
84 81
526 596
70 170
268 8
547 127
323 452
279 418
423 351
100 523
96 329
639 99
126 8
599 171
205 178
344 297
381 547
437 14
543 598
557 345
26 384
367 52
510 574
1 133
645 274
227 158
387 607
631 46
175 217
607 225
609 61
499 522
19 618
54 432
549 434
241 157
607 618
388 140
393 306
509 323
390 292
33 50
644 249
548 179
527 44
312 82
489 548
508 264
628 566
547 380
127 54
589 159
598 33
10 488
121 187
497 124
509 2
17 95
476 427
572 208
300 392
630 459
305 333
62 574
237 575
73 193
411 504
631 3
23 98
180 429
26 72
119 137
367 344
215 578
263 182
572 361
498 365
631 477
403 333
92 538
626 307
113 384
105 163
336 567
255 152
118 96
97 146
88 646
266 536
499 274
179 554
460 420
211 633
354 130
431 404
531 460
543 588
255 313
255 581
336 108
638 468
195 36
499 170
496 139
17 450
251 343
560 169
354 49
561 114
86 421
458 340
606 611
211 574
445 186
504 341
352 381
41 458
56 65
201 405
221 336
482 125
173 108
406 203
290 266
210 380
404 280
120 188
122 508
582 608
504 384
579 104
281 29
542 567
254 530
581 88
245 84
41 83
377 401
640 173
316 492
166 293
161 253
36 459
61 537
616 24
494 323
620 41
491 538
590 436
160 156
59 407
409 504
150 590
225 567
332 16
138 48
646 96
517 277
81 152
456 479
20 131
252 528
9 274
353 533
453 291
296 581
575 628
97 157
204 469
334 609
414 251
110 262
603 96
643 322
275 330
401 516
372 117
40 556
125 35
549 615
74 170
580 186
172 196
145 196
279 565
68 344
443 631
288 543
177 367
644 576
474 375
615 280
126 102
394 647
126 65
569 451
109 114
439 392
165 436
479 120
279 351
393 177
73 277
242 159
369 521
161 163
15 549
468 190
176 59
495 34
238 159
118 319
542 542
74 67
112 149
373 442
421 302
96 170
92 78
630 125
626 54
277 505
362 344
367 335
338 585
2 483
212 150
400 107
292 89
307 459
145 375
184 120
275 568
179 47
83 40
161 393
11 456
639 346
209 430
185 166
620 490
33 386
527 432
615 8
20 533
201 645
267 639
361 151
149 378
632 179
232 575
83 606
219 390
587 557
621 123
372 325
634 270
125 188
127 88
318 644
471 81
453 566
31 247
238 100
624 473
365 133
458 134
191 329
384 613
294 238
560 570
42 457
358 131
58 637
266 62
431 385
604 222
161 317
191 210
158 589
34 352
149 377
384 70
491 536
394 526
269 509
286 559
287 334
439 564
486 198
629 468
203 202
379 528
72 59
591 321
522 75
535 125
198 473
82 424
15 106
286 596
338 63
73 48
407 347
107 205
517 176
158 535
11 409
258 361
438 516
218 11
418 119
435 249
147 538
489 22
252 307
533 568
536 147
171 408
60 392
598 497
591 590
527 473
29 486
78 274
335 224
391 195
150 638
108 543
550 4
151 599
614 549
113 568
391 531
536 435
65 375
15 647
326 44
352 26
531 133
137 599
589 433
99 552
202 10
496 485
334 374
260 58
501 232
600 599
87 345
286 200
459 177
134 601
41 110
543 192
35 148
641 58
48 458
624 219
536 419
549 443
100 139
48 301
210 147
333 553
104 250
262 243
514 369
95 101
61 602
57 569
173 136
530 146
278 289
612 112
385 372
211 118
282 268
608 412
534 549
525 293
26 249
94 478
375 595
346 171
380 139
505 371
619 75
312 470
502 430
32 476
62 362
331 132
504 192
536 26
479 542
644 85
382 589
648 492
432 512
14 587
30 461
508 394
291 536
446 68
105 223
264 478
547 222
407 339
629 481
341 533
105 399
248 410
310 621
514 333
317 261
380 644
193 495
184 378
459 373
283 66
570 189
107 300
375 447
89 410
98 318
524 308
477 170
161 336
365 355
128 125
634 282
130 600
58 7
410 297
83 508
370 254
390 236
295 215
223 293
453 448
391 573
392 320
327 214
196 78
145 579
479 352
595 243
33 209
293 20
273 492
369 184
588 505
193 354
632 266
410 438
92 153
524 302
455 644
97 432
301 482
592 164
69 73
266 559
460 182
642 294
114 359
263 136
553 477
247 18
455 200
111 512
328 106
60 137
150 338
317 442
588 591
629 15
15 366
612 557
614 642
22 466
373 423
563 417
241 585
126 496
270 501
442 130
305 495
592 8
81 299
621 612
457 21
205 23
474 265
20 528
461 19
6 102
593 512
463 458
123 594
105 213
190 453
530 507
354 418
348 456
235 576
556 158
235 536
462 309
486 136
229 628
430 84
173 284
5 79
42 292
617 76
400 215
645 447
328 163
44 549
121 478
190 169
607 477
516 572
592 477
551 75
29 502
440 617
131 461
191 190
244 127
40 291
601 158
101 416
581 560
534 622
291 607
614 158
170 133
216 124
224 621
599 248
482 6
255 305
173 400
338 601
472 166
645 511
63 47
245 143
386 68
399 98
509 498
581 283
535 435
487 529
62 229
470 135
226 508
551 620
538 21
648 52
65 144
69 297
646 234
611 72
375 450
592 305
234 318
576 374
208 321
132 254
152 353
485 71
495 392
223 82
409 381
242 49
351 644
544 478
44 34
5 230
267 383
365 553
559 320
628 89
542 462
362 32
396 46
343 484
221 397
71 34
140 107
431 432
63 137
373 84
160 459
407 270
303 527
235 374
306 317
368 193
85 477
31 481
599 583
587 31
482 210
69 223
318 533
187 490
624 289
62 523
15 412
75 111
398 483
69 39
378 13
553 603
523 217
107 34
390 302
40 187
645 604
408 211
200 381
247 271
74 83
118 8
522 549
65 422
182 595
71 398
549 528
360 409
101 348
115 182
56 544
306 281
508 301
4 108
340 618
204 578
252 94
312 91
305 172
278 112
163 432
379 299
567 618
61 469
466 40
72 531
280 414
317 556
474 16
249 14
203 513
256 525
530 621
490 377
373 190
185 648
293 187
550 531
511 562
547 8
354 33
632 8
178 464
203 131
615 575
37 127
387 343
403 641
582 304
643 184
637 131
219 41
399 131
487 355
84 139
423 148
54 608
482 518
549 318
479 488
334 208
564 585
481 561
432 174
199 113
498 602
33 98
302 645
479 177
475 488
172 631
633 426
646 465
562 241
184 507
10 617
45 403
364 172
9 70
185 639
444 106
299 267
469 426
278 395
139 315
53 513
574 83
56 201
78 346
266 395
521 631
277 11
447 286
163 355
205 456
637 427
446 479
368 8
222 225
35 115
47 263
569 528
53 270
589 95
42 224
647 395
369 222
487 171
356 353
273 114
385 383
413 416
639 53
213 546
364 80
263 562
45 54
40 615
638 526
554 345
528 464
604 432
373 494
277 523
367 188
235 387
96 520
477 80
594 469
538 300
195 609
304 260
621 267
46 516
22 156
242 498
187 239
563 510
430 429
247 569
606 197
162 357
395 552
353 198
451 336
393 343
21 478
503 512
489 439
153 601
349 514
135 126
162 92
471 371
249 609
633 385
215 472
343 316
460 88
489 8
565 20
411 283
492 157
63 577
435 502
88 368
343 72
138 41
622 505
119 97
88 295
224 405
134 286
61 525
580 271
485 421
410 325
92 352
373 407
122 31
550 148
293 143
505 184
228 612
41 208
185 83
301 28
514 109
166 79
574 231
191 648
341 34
50 238
2 541
14 413
361 616
26 292
253 53
99 213
44 98
8 583
292 381
355 7
498 599
157 539
643 189
2 418
377 188
431 26
260 529
592 1
112 91
24 9
602 48
642 469
48 301
156 475
191 80
55 589
409 523
176 451
482 335
62 471
97 21
127 137
95 123
26 382
100 491
217 599
468 523
565 378
251 401
283 365
33 97
618 621
85 191
644 14
539 93
618 214
486 9
444 446
40 463
524 45
566 352
604 82
79 216
54 500
420 225
478 520
469 484
159 193
134 404
371 647
616 44
507 555
226 158
166 271
567 567
75 98
429 492
443 244
555 603
622 643
54 616
599 495
86 26
100 162
255 93
291 450
134 146
355 349
640 484
556 319
278 556
341 286
170 309
110 624
56 336
239 232
186 145
530 43
257 452
249 92
628 609
42 626
559 210
264 606
359 330
397 629
424 149
75 123
481 232
255 560
488 192
626 109
101 637
283 119
186 646
222 646
374 540
307 355
107 536
599 241
401 644
52 509
309 304
67 117
289 570
463 59
71 494
30 589
101 322
515 507
223 66
640 549
76 335
591 343
607 18
473 575
49 42
488 643
489 618
234 372
329 174
581 177
3 560
371 191
469 248
235 117
452 189
414 387
231 195
323 163
257 587
547 536
334 164
514 612
578 472
93 85
73 93
423 14
344 67
188 481
186 179
411 68
325 19
180 267
296 308
511 456
398 267
242 37
260 412
222 159
178 574
369 102
14 540
440 581
72 507
535 255
107 398
28 71
134 19
65 322
189 552
208 518
435 143
21 18
91 544
505 566
542 185
137 591
599 95
461 165
641 208
257 611
440 208
540 41
407 618
368 211
208 164
380 354
240 34
115 101
267 374
542 177
499 466
169 54
426 268
172 367
47 403
300 228
505 319
179 279
559 360
455 569
138 393
379 485
68 19
251 94
416 530
101 474
209 344
524 360
487 394
630 419
526 396
351 348
334 554
410 227
334 212
328 214
101 50
598 340
263 138
257 471
188 546
46 531
242 332
640 289
102 367
172 143
176 520
388 224
98 97
198 88
648 523
71 219
426 313
555 547
385 225
369 95
434 423
190 7
297 205
572 225
566 409
411 527
377 106
450 212
15 22
485 411
49 183
481 398
539 587
326 575
492 517
242 345
424 198
9 238
387 347
639 237
27 334
489 606
361 422
569 52
46 303
461 368
561 157
24 42
374 429
353 582
130 417
495 212
485 226
170 214
621 119
331 71
572 452
275 85
234 54
190 412
235 579
608 433
482 106
172 84
512 238
635 565
68 587
86 596
336 228
274 275
34 262
48 499
130 358
277 182
249 510
574 252
265 390
327 81
624 104
49 4
270 277
176 600
421 431
404 585
572 248
470 279
447 427
347 608
202 211
292 367
110 60
412 418
386 533
317 180
624 515
509 378
301 206
109 10
548 413
99 548
497 92
331 360
330 232
499 340
21 419
634 333
570 499
204 21
14 87
69 647
380 548
280 507
173 638
45 299
407 573
196 497
521 151
452 226
136 261
600 560
395 23
17 592
218 345
222 378
197 172
586 570
52 91
201 69
572 465
173 554
325 451
55 627
281 374
527 178
628 211
281 620
214 34
161 107
34 589
583 576
221 296
559 148
328 304
535 339
391 114
322 256
265 179
554 52
94 187
548 114
569 28
239 475
238 647
297 318
384 151
374 239
249 139
251 23
398 578
371 474
412 115
530 548
387 123
332 273
427 299
240 66
301 218
391 570
432 59
105 589
235 92
115 554
88 234
448 314
111 366
107 365
626 152
87 98
206 521
303 579
552 621
300 375
37 174
107 577
161 589
504 80
35 418
260 643
344 293
394 524
483 178
627 582
596 355
445 471
348 197
328 595
203 167
2 537
373 52
438 632
442 278
254 225
308 600
307 512
296 29
408 230
647 577
252 526
360 333
446 306
604 552
627 276
256 468
514 293
424 148
169 509
215 305
167 150
473 410
95 642
539 190
265 632
293 603
241 447
626 444
234 392
82 74
599 575
444 619
251 141
398 353
579 191
281 167
80 295
113 202
135 452
342 173
211 82
647 4
502 465
32 76
161 250
144 109
68 88
2 115
483 501
625 328
319 535
247 495
574 647
384 147
9 442
604 561
214 637
645 198
554 548
309 89
186 299
580 418
123 377
444 382
70 403
56 497
201 262
21 503
300 263
330 405
186 228
270 29
353 578
618 568
102 527
261 214
645 296
136 91
489 216
271 323
334 568
6 161
88 624
378 2
291 86
490 474
186 44
35 362
387 328
489 502
619 603
244 208
229 120
515 216
460 100
200 66
288 254
384 172
569 153
615 284
32 599
498 182
192 525
227 277
69 196
381 61
355 61
184 58
434 26
438 75
326 15
339 122
522 313
169 439
442 1
240 642
228 269
547 72
312 80
234 146
329 306
78 230
556 79
55 205
145 413
154 99
31 573
63 338
235 239
73 329
438 383
229 199
184 414
84 319
409 498
275 173
557 426
131 407
176 130
229 515
591 175
301 508
174 387
622 450
63 634
40 501
641 7
186 306
29 169
162 570
280 256
572 250
286 358
270 80
132 624
539 521
256 215
647 307
315 274
157 408
403 432
78 83
308 580
601 563
79 53
433 436
179 515
435 615
417 193
126 418
9 637
479 113
608 419
98 197
289 226
382 645
140 327
136 88
448 648
359 458
562 150
98 32
423 240
249 294
273 414
146 574
213 82
222 334
442 534
399 526
491 167
405 22
514 574
387 476
114 186
250 465
401 217
273 240
95 541
191 594
429 147
593 36
109 137
187 254
278 523
169 485
505 562
288 61
621 616
460 528
229 2
355 644
547 342
476 102
206 384
253 527
209 569
41 566
513 236
82 26
371 273
302 372
313 444
153 459
195 401
406 71
354 17
87 427
177 436
635 357
631 36
390 21
46 629
565 416
236 7
147 497
169 274
433 19
87 150
559 261
644 514
169 222
341 360
553 301
554 477
310 530
644 88
408 366
109 564
56 252
479 144
3 452
302 551
237 474
618 605
570 605
593 167
299 314
465 404
583 165
459 73
534 156
149 336
172 179
604 287
489 13
630 481
165 105
135 65
343 197
565 535
6 473
249 87
627 534
24 5
148 456
234 401
525 330
572 483
141 543
87 221
524 505
377 158
71 375
488 334
603 265
45 134
582 642
196 101
308 247
355 89
111 216
488 212
56 544
603 16
364 110
530 338
462 174
374 304
152 523
543 190
642 455
112 131
35 326
521 98
481 364
274 85
504 564
205 159
592 106
43 76
405 502
619 535
554 518
43 16
385 622
379 240
227 242
187 48
562 6
543 180
553 608
217 294
531 277
315 409
248 174
250 245
544 488
184 420
437 110
230 125
578 24
73 8
360 306
371 99
541 550
56 74
206 557
626 449
565 386
492 557
87 599
590 130
253 46
569 632
528 188
403 310
318 475
365 145
521 641
583 540
326 479
300 632
35 114
377 593
327 611
557 206
423 150
317 405
36 418
574 18
563 172
406 475
485 470
356 339
49 413
262 195
319 587
435 341
612 179
537 105
377 224
522 242
521 154
463 127
357 524
258 561
176 360
526 570
568 11
162 608
280 391
6 306
405 121
160 637
239 561
582 69
56 225
524 439
196 160
304 106
420 289
44 382
557 489
498 513
492 430
238 283
191 357
370 47
209 204
68 211
340 330
392 561
205 65
411 432
361 88
84 138
154 56
146 627
413 321
550 15
42 642
554 550
3 54
627 210
208 342
640 362
254 318
45 13
563 27
364 542
80 451
484 445
79 313
131 385
486 638
213 126
85 329
221 110
170 344
461 114
70 114
118 176
514 510
539 487
276 523
599 373
530 143
497 522
637 477
46 489
543 82
80 334
76 162
339 137
213 347
16 439
433 614
367 276
79 541
122 117
313 449
140 463
118 287
67 143
427 76
176 34
492 628
315 338
250 225
143 158
515 633
96 24
166 166
117 332
585 401
380 267
214 251
577 101
238 583
410 458
165 40
427 627
437 8
371 9
643 325
2 432
32 75
249 305
27 483
89 280
340 292
147 295
100 139
345 212
569 266
530 527
488 140
36 291
189 159
566 309
371 149
603 101
302 331
538 568
328 162
258 628
261 150
374 356
34 13
9 473
128 543
288 277
581 275
600 433
240 136
513 565
403 271
201 618
563 224
566 414
599 310
44 161
11 383
482 165
238 226
602 6
65 236
501 494
124 474
420 426
154 438
52 562
524 72
349 191
20 146
178 604
552 418
544 40
81 275
117 612
106 75
93 365
258 563
314 378
218 359
187 248
230 290
505 617
477 478
135 54
460 335
583 406
172 190
224 32
176 645
462 223
295 643
327 81
595 81
391 53
50 276
215 557
565 531
395 22
641 244
474 122
49 275
527 384
426 73
508 573
236 242
607 95
491 403
334 221
111 242
427 171
369 566
257 648
15 604
501 575
328 445
15 176
218 589
123 265
399 613
187 489
446 508
357 437
50 93
269 469
109 159
268 178
223 282
286 331
32 616
195 242
536 477
451 524
154 192
607 150
62 443
570 567
459 133
154 401
1 236
11 388
114 379
593 527
94 465
178 353
295 362
537 192
84 150
548 468
70 60
449 424
78 248
547 592
277 523
187 365
89 455
303 57
158 393
262 632
463 401
555 567
502 128
526 193
208 224
353 567
58 148
148 647
642 394
66 589
101 105
595 549
126 423
333 565
378 123
565 231
210 379
343 159
370 110
595 70
392 416
101 548
542 362
544 98
413 604
73 296
316 175
549 169
464 85
175 490
257 370
426 448
150 587
599 410
476 347
344 473
289 213
199 106
20 313
289 110
515 404
616 540
244 474
562 154
138 241
86 209
75 384
349 373
569 423
564 69
578 43
527 572
281 20
111 199
486 122
225 151
536 540
263 166
197 481
595 541
211 614
203 136
442 599
413 145
641 10
601 196
461 47
262 370
433 153
189 24
143 256
66 66
102 388
61 288
507 215
472 255
114 407
463 465
644 384
283 295
189 209
238 278
139 307
355 529
100 149
461 297
53 101
645 254
565 66
29 108
573 219
203 248
356 559
481 585
603 323
214 423
417 386
87 71
353 427
238 404
525 544
72 433
9 640
339 513
261 395
243 439
279 359
179 15
503 477
604 508
235 147
149 620
643 439
439 497
267 366
328 36
512 133
438 442
642 1
182 167
472 145
436 309
52 53
365 138
560 301
570 354
75 328
582 546
539 352
152 531
304 579
603 223
641 17
591 33
85 146
30 386
6 86
370 435
131 223
464 400
456 511
606 588
342 49
