1000
569 225
447 524
120 629
422 203
126 475
255 468
76 356
162 367
237 646
367 121
56 299
468 517
625 369
200 400
358 331
287 36
452 601
200 343
567 39
273 217
105 276
21 5
256 600
303 322
576 492
333 331
476 266
245 197
28 120
357 495
378 342
171 581
586 22
292 121
397 85
69 646
646 173
605 123
231 522
607 219
82 635
275 123
430 160
471 32
80 216
647 443
546 500
78 27
600 3
474 40
622 399
601 469
238 570
525 349
122 465
538 424
316 309
262 520
195 13
104 331
36 637
111 195
492 59
429 327
178 96
497 387
524 84
133 45
266 99
499 328
458 8
326 122
596 616
332 106
238 555
568 5
398 182
72 634
286 187
198 92
160 593
594 614
154 126
403 352
50 326
118 534
40 410
72 620
176 336
198 127
374 418
6 290
643 221
210 283
474 98
188 459
201 206
451 176
39 153
110 457
36 33
184 327
499 356
307 515
118 409
288 604
39 471
218 112
464 421
239 359
135 134
160 556
358 391
458 346
80 392
490 576
368 173
494 187
369 618
310 255
535 482
595 261
17 375
112 327
379 412
203 268
172 44
412 73
180 622
412 394
459 587
442 211
5 585
108 575
347 134
319 628
61 585
629 366
198 407
631 579
592 304
648 499
534 518
310 464
344 383
498 354
124 398
607 449
80 527
196 104
170 486
92 527
33 223
607 196
75 74
13 79
588 394
601 431
58 396
422 88
29 330
520 309
274 639
505 418
319 373
391 178
460 35
177 130
361 490
57 596
150 531
445 61
357 500
317 617
526 392
226 131
648 471
461 258
574 46
240 616
460 438
307 283
232 43
494 612
147 282
422 137
644 50
317 642
575 354
212 566
169 69
598 588
517 560
455 163
344 512
513 583
565 559
104 309
577 559
351 365
322 407
296 124
183 464
581 523
593 362
517 299
27 457
638 222
50 634
154 28
530 6
485 448
360 210
474 251
256 510
281 422
1 227
344 561
210 422
446 546
182 70
166 424
69 567
310 617
280 379
472 374
273 200
253 626
412 479
577 403
531 578
453 565
460 182
147 374
119 617
516 243
407 615
134 147
451 265
265 239
50 224
426 299
449 559
575 34
377 345
248 530
403 196
32 443
539 562
209 71
201 566
138 490
295 606
344 474
382 291
601 637
536 367
244 284
36 452
290 323
391 501
398 477
471 502
7 590
27 589
68 407
293 627
309 448
419 93
476 130
399 315
171 254
594 174
523 585
175 594
353 563
403 68
222 101
269 309
104 372
381 140
555 206
618 574
163 58
330 598
397 557
111 394
600 221
364 130
466 531
222 560
608 254
35 395
98 434
226 315
28 338
281 456
309 587
6 585
41 613
455 237
634 384
140 52
67 314
66 525
89 209
74 647
218 424
150 92
599 616
413 472
429 156
589 433
388 253
101 58
355 290
455 152
239 307
95 308
295 318
161 197
575 325
436 310
547 521
196 252
564 16
134 347
405 629
382 257
574 372
182 143
139 229
127 563
5 524
41 32
552 75
431 436
119 539
266 356
215 352
240 589
186 232
65 114
200 543
443 442
323 149
224 599
295 642
136 180
633 564
83 104
527 555
222 396
615 644
638 99
276 318
136 433
416 509
344 78
159 189
446 73
79 527
288 291
245 235
265 533
83 364
307 385
323 360
276 216
315 463
314 332
42 190
7 276
313 607
642 32
49 224
255 203
277 418
288 618
81 589
189 17
218 634
102 321
516 476
430 127
369 156
26 308
406 156
620 338
91 82
585 500
48 534
277 62
345 647
31 383
72 518
355 69
335 527
463 616
536 463
595 648
626 420
574 553
391 639
71 105
202 445
377 423
304 111
275 91
2 18
448 293
133 345
146 325
602 115
485 190
388 294
407 615
393 511
541 391
520 412
39 419
154 536
229 29
374 157
214 394
587 115
547 265
35 523
35 176
556 451
359 40
125 234
410 9
369 235
69 577
101 161
401 430
520 412
234 165
31 632
589 360
218 365
609 221
261 459
479 318
293 315
144 30
645 635
69 66
99 188
71 162
583 604
633 214
488 384
174 425
167 343
364 273
461 44
34 20
378 351
525 162
3 91
98 235
212 201
174 554
247 484
440 290
397 612
596 125
118 109
608 323
446 179
641 88
247 543
198 120
515 397
262 292
599 342
409 264
199 553
491 440
161 319
175 243
481 438
192 367
300 35
52 99
478 413
446 63
158 8
485 527
435 67
40 585
336 427
368 235
118 354
405 462
206 119
355 28
644 106
603 130
642 372
284 118
89 446
634 601
224 497
612 121
46 568
46 303
148 9
114 645
121 162
596 392
353 471
173 28
120 515
304 94
486 568
557 488
254 234
206 354
553 291
284 572
505 444
153 166
535 483
50 414
347 71
83 96
581 158
17 338
512 95
98 450
392 573
469 631
550 141
141 579
187 603
14 360
322 619
163 219
209 461
197 576
525 502
96 100
386 459
287 87
229 125
228 274
396 427
69 446
594 589
349 527
526 72
24 338
487 120
139 548
487 492
219 87
65 240
48 406
443 127
71 325
209 400
430 338
469 52
362 429
101 280
471 361
328 432
132 191
100 86
618 37
133 264
292 82
121 586
242 582
528 509
144 278
369 54
385 135
526 221
471 21
639 4
358 347
36 107
459 434
473 562
580 357
197 638
326 273
221 416
338 265
127 3
273 615
249 52
440 522
440 592
213 35
386 334
585 637
576 11
495 645
508 547
46 346
128 644
451 404
263 340
72 609
589 145
523 587
531 146
594 281
131 343
486 554
333 212
608 172
640 527
417 326
312 316
356 21
104 515
208 591
413 445
231 76
371 628
131 361
462 530
556 621
548 582
550 294
561 290
76 397
606 375
80 397
45 76
305 119
544 482
522 621
620 195
424 136
383 497
599 564
450 101
405 617
218 496
491 601
215 247
251 340
88 630
409 602
289 377
67 461
435 425
621 4
586 4
481 119
268 511
482 466
632 185
409 172
227 626
154 47
587 128
213 133
312 572
612 19
93 582
211 563
175 593
398 227
452 624
374 438
603 92
591 419
356 2
561 471
579 173
398 484
218 356
614 86
331 37
282 550
36 605
177 4
431 582
578 569
91 426
115 346
19 146
75 133
424 167
541 256
470 348
111 275
430 150
50 161
309 453
439 577
219 29
286 444
421 172
555 241
6 172
333 214
171 401
201 93
530 612
43 634
167 98
195 466
205 309
390 182
539 211
524 557
566 631
509 34
295 570
487 542
100 560
500 128
288 260
575 69
517 523
380 72
21 33
34 161
413 139
50 106
534 326
37 11
602 620
230 67
457 364
165 249
141 485
237 280
331 574
433 582
630 502
86 585
517 35
240 547
619 406
357 338
288 471
4 496
85 60
131 398
575 582
111 462
614 184
340 594
451 284
388 101
332 133
151 437
78 108
261 137
42 160
172 170
626 550
501 331
332 215
188 544
303 602
602 352
49 227
138 157
612 315
474 305
122 193
510 186
28 496
334 234
123 527
442 607
326 275
486 419
108 211
222 247
214 459
250 381
613 339
138 611
522 160
385 61
479 16
356 359
590 319
409 149
22 525
501 224
182 88
620 380
491 453
96 643
512 112
40 106
331 505
156 618
276 334
484 356
620 508
574 435
556 539
256 84
11 605
354 566
87 136
353 83
372 567
447 491
437 589
223 192
648 577
396 630
3 187
81 34
159 102
369 255
614 231
496 1
601 580
166 312
479 562
359 434
488 518
600 154
69 243
243 588
111 547
451 602
257 624
625 394
515 137
332 315
598 179
62 528
568 556
210 358
218 304
570 140
634 581
358 226
82 466
589 30
163 582
198 53
62 161
394 235
621 202
182 450
113 447
150 393
36 613
275 275
326 307
71 232
323 371
206 110
478 411
264 177
247 105
601 231
329 274
384 361
307 290
431 403
39 483
483 365
210 99
496 530
356 162
412 437
351 646
549 644
539 73
613 352
164 332
315 107
18 18
396 557
427 458
537 49
593 403
36 632
157 343
87 650
384 15
461 197
628 202
484 226
495 288
634 286
642 26
257 563
227 378
146 369
505 378
160 371
375 65
174 11
13 502
253 56
424 106
520 330
544 572
371 163
603 544
180 331
427 338
390 9
511 372
109 61
334 133
9 258
160 85
321 231
577 349
84 169
383 284
148 621
471 535
442 540
330 21
338 600
111 475
16 491
343 74
628 463
111 379
393 632
529 308
348 327
489 482
60 131
132 471
588 522
84 357
154 17
171 267
381 49
446 73
566 131
96 580
201 609
484 29
112 601
447 126
570 50
278 139
13 422
387 544
325 23
177 146
408 231
58 17
297 579
11 484
608 122
507 618
309 355
435 447
24 632
247 59
69 119
537 621
546 447
521 256
605 385
503 451
387 356
516 102
475 227
369 260
211 392
360 130
210 260
312 377
46 452
93 330
601 413
502 95
627 524
459 634
518 407
150 595
113 276
258 528
205 562
107 49
632 569
191 576
390 314
281 577
543 180
475 362
112 541
348 434
