5000
420 140
211 10
313 533
63 151
335 84
491 371
221 516
75 232
340 36
65 489
221 509
466 113
346 335
567 519
27 381
46 382
559 471
243 1
90 19
314 529
499 541
80 487
233 80
88 394
591 294
217 332
413 443
105 320
60 460
106 443
167 578
412 90
432 338
298 219
164 56
97 105
21 332
452 450
506 165
535 362
160 394
352 319
15 598
186 188
268 313
198 45
322 500
452 241
482 48
522 573
580 132
21 174
128 374
372 302
180 335
450 292
343 251
6 103
596 28
303 189
57 384
233 470
290 133
188 111
490 512
280 322
268 408
323 95
409 372
245 97
311 85
279 187
422 53
340 14
363 365
81 439
261 436
301 425
78 91
119 91
582 594
214 319
110 432
539 269
253 560
67 329
565 595
55 229
89 248
99 537
382 381
544 30
473 543
91 88
124 106
69 267
539 187
454 329
252 454
46 453
207 247
441 242
147 555
145 130
246 4
476 332
143 128
206 350
160 292
297 117
16 387
413 235
177 585
10 81
459 113
269 349
295 584
282 334
40 482
446 23
480 483
367 44
238 6
461 310
517 64
520 101
180 48
481 318
246 91
403 430
297 222
567 261
136 303
431 76
125 285
175 447
234 579
260 371
174 513
536 171
406 201
230 279
578 317
200 262
528 576
242 207
522 18
558 362
367 587
398 161
142 122
592 151
490 10
433 504
485 359
570 239
111 208
261 243
516 406
398 493
448 536
3 135
464 31
122 348
96 416
524 104
23 9
254 432
315 547
61 570
29 496
430 423
299 49
360 359
255 289
247 82
564 65
377 387
27 584
183 442
546 492
489 247
508 7
221 30
152 156
415 103
9 112
227 296
185 112
404 179
143 321
523 6
554 511
548 436
477 80
142 450
400 512
586 267
302 564
585 485
387 598
112 27
370 510
87 253
162 295
299 374
575 96
588 208
503 157
360 182
73 598
107 18
323 180
20 407
210 36
535 179
217 411
499 31
249 233
207 565
426 153
437 453
461 68
450 217
295 510
492 185
41 533
178 31
160 41
585 237
232 176
1 216
116 174
440 575
213 54
591 447
63 580
79 122
91 195
131 182
55 191
201 428
431 132
415 493
415 190
502 92
377 65
184 120
592 312
527 40
466 220
539 205
350 516
273 592
264 485
267 58
315 185
315 266
44 320
466 556
368 559
558 58
69 440
488 123
346 220
85 146
243 136
489 567
320 380
440 146
446 382
426 429
558 458
147 68
37 13
256 503
440 588
300 209
577 561
42 72
281 78
418 89
4 233
410 252
591 134
297 241
152 504
20 80
594 119
373 563
369 507
510 48
502 416
239 118
299 500
323 8
70 277
382 447
445 394
536 553
512 152
523 278
371 544
481 336
95 15
461 277
266 473
246 26
46 282
166 154
326 5
460 441
253 428
326 65
567 552
193 473
87 108
149 447
226 372
65 421
78 31
469 146
241 147
138 130
134 498
466 9
513 270
46 594
9 393
522 523
179 46
201 401
372 337
478 188
272 125
366 308
302 416
368 459
408 558
157 331
500 303
29 198
545 1
189 139
324 423
383 478
523 442
182 398
315 48
268 362
129 442
80 337
222 8
508 420
386 93
344 216
132 596
20 11
343 519
249 373
476 134
504 542
512 239
407 474
119 517
381 526
48 455
452 352
101 111
92 254
374 541
43 391
251 440
297 204
529 139
369 571
41 477
76 372
125 280
468 206
14 567
299 299
280 289
547 20
445 583
56 138
564 321
254 163
484 390
585 538
312 557
236 137
482 339
274 568
111 240
225 582
140 88
218 173
115 277
406 355
314 574
343 275
219 543
414 105
441 517
66 309
539 295
161 392
120 433
556 194
156 452
195 306
598 182
6 498
562 1
477 477
87 241
599 597
454 317
443 425
468 590
562 41
176 344
544 112
163 83
345 226
374 538
304 304
150 541
564 244
41 289
1 494
479 283
413 290
312 157
300 472
303 223
183 385
503 73
40 571
187 377
264 589
203 19
98 188
457 310
3 406
128 413
400 214
151 553
257 74
583 201
514 579
578 526
397 595
112 291
192 92
507 181
300 597
27 139
43 548
123 455
581 520
271 245
415 566
41 59
429 402
100 67
234 139
136 397
598 322
56 127
495 320
225 166
369 128
595 46
526 486
433 175
122 122
425 557
331 459
471 368
232 67
403 394
234 449
266 211
414 113
182 317
41 458
345 194
467 518
368 57
20 373
78 190
363 291
255 532
444 552
1 387
589 233
283 452
595 104
444 495
159 327
582 94
109 408
18 368
242 402
208 136
190 543
490 447
471 435
560 509
254 303
306 180
468 478
181 135
370 107
194 516
39 283
82 498
383 146
205 175
430 405
438 219
435 335
576 490
493 232
194 119
592 151
455 555
128 292
299 167
222 496
531 370
499 323
231 179
93 406
59 265
278 374
342 141
599 339
121 517
112 492
149 151
70 103
156 71
431 550
332 408
57 95
328 580
499 439
59 249
217 211
584 357
355 180
89 190
450 524
180 167
219 27
57 178
9 539
225 4
537 323
27 346
509 194
407 158
275 471
222 35
511 519
29 8
68 141
250 539
265 41
232 397
540 472
202 559
480 442
163 428
426 109
117 252
181 182
61 115
422 445
497 567
409 230
293 410
588 212
143 353
77 205
253 353
117 338
460 93
75 562
192 553
547 553
103 539
125 510
501 597
360 132
20 485
40 448
394 215
85 341
218 336
355 546
24 84
566 337
358 63
499 310
496 52
402 320
173 36
200 557
429 103
523 505
422 250
152 89
115 229
65 482
120 21
38 523
188 323
262 505
122 132
255 402
470 450
399 210
241 300
470 350
472 78
597 117
202 339
97 160
154 502
516 391
93 260
40 227
351 321
301 110
255 6
392 528
202 557
118 372
280 460
494 155
329 364
236 86
585 63
60 509
198 586
399 380
16 233
312 288
102 163
281 138
500 405
527 525
579 434
111 567
300 521
120 396
366 16
487 326
244 114
538 518
374 134
548 425
28 131
318 79
450 550
111 231
67 311
36 471
129 246
270 442
223 328
207 109
26 108
162 277
119 194
583 148
481 108
6 24
596 469
20 338
535 225
196 313
35 51
532 176
599 381
154 593
194 92
482 371
391 34
315 564
212 220
542 389
218 343
248 331
191 377
270 141
107 123
302 131
348 230
11 117
571 598
377 29
349 518
246 48
410 454
170 433
498 228
417 242
503 303
142 371
204 63
283 362
393 331
322 237
291 324
539 428
61 573
303 324
81 378
359 572
161 471
248 220
191 179
68 332
92 175
506 356
185 166
186 257
273 8
370 265
418 421
436 410
374 108
565 349
317 362
206 328
347 61
476 313
127 568
247 375
238 589
584 164
404 137
120 201
14 569
103 94
583 599
454 441
129 247
544 176
22 260
486 231
543 230
36 402
455 423
28 550
197 36
323 189
338 389
113 339
155 473
306 431
524 118
210 37
57 2
458 285
360 446
252 124
186 141
90 334
84 574
294 152
573 477
452 561
304 77
171 461
128 184
168 405
256 567
124 390
42 274
446 46
572 158
196 77
378 397
588 243
137 64
122 30
196 220
559 349
219 511
91 98
587 541
462 68
113 107
38 278
303 166
134 358
145 179
339 565
205 579
123 375
300 175
81 34
259 442
173 506
241 332
270 566
568 335
362 444
463 456
159 86
382 199
475 363
279 343
518 204
554 585
117 90
139 289
57 557
215 583
436 513
430 519
95 468
465 113
453 509
566 346
500 575
96 565
433 596
505 372
328 161
388 356
302 201
21 362
19 240
411 310
90 77
528 228
471 162
312 181
521 80
363 177
277 68
57 28
263 283
270 561
504 470
84 334
560 269
543 476
121 590
326 550
494 416
9 3
145 362
354 25
493 543
394 285
357 62
317 262
212 69
272 264
47 267
378 120
482 8
382 307
1 1
436 513
389 563
501 206
330 447
114 203
388 9
177 161
251 233
201 358
426 213
398 580
149 187
222 571
341 178
153 160
403 451
454 389
148 68
428 397
201 308
442 264
236 46
15 407
272 389
311 94
393 322
182 240
358 476
24 561
595 336
554 156
65 310
229 396
238 517
494 362
410 382
412 495
289 254
527 463
121 506
433 81
408 225
206 282
338 78
330 515
270 435
63 55
125 41
417 419
311 547
184 457
197 421
5 357
186 161
320 28
265 286
311 213
497 448
128 40
364 397
264 14
286 287
482 105
551 321
549 588
270 167
101 389
172 236
41 280
564 252
559 574
375 455
263 119
344 210
551 422
104 62
105 140
373 194
121 83
118 115
454 498
339 532
15 137
438 585
194 105
560 45
504 56
190 557
565 345
23 111
434 62
407 235
412 485
388 272
122 557
443 269
261 309
172 54
82 428
439 422
359 31
532 570
489 435
461 8
119 142
23 121
252 428
299 510
534 80
577 308
302 57
572 372
428 314
279 148
57 58
75 93
353 178
258 141
478 361
414 92
465 72
299 37
23 487
159 577
204 191
515 36
560 568
392 385
203 495
3 111
203 173
438 547
68 17
233 19
236 168
493 177
513 452
584 276
487 228
278 376
110 287
258 573
556 432
373 119
78 226
458 193
214 202
423 72
5 75
150 89
236 552
318 51
419 312
228 349
220 187
126 513
218 251
142 55
30 487
312 509
558 171
418 517
325 259
496 496
2 20
288 240
435 508
347 47
274 442
98 95
519 598
151 565
576 291
453 151
541 410
192 515
134 3
65 590
448 439
332 89
147 412
540 125
158 250
192 60
429 559
480 529
225 206
203 541
390 88
259 496
187 493
278 131
334 171
375 309
186 283
413 167
174 333
212 374
462 186
340 331
429 480
399 481
556 390
442 483
109 41
193 296
476 355
14 246
34 16
504 125
285 557
576 322
258 117
501 245
36 240
385 455
87 539
526 352
257 320
155 239
518 97
62 531
313 551
410 533
386 380
211 535
95 323
399 291
78 377
579 334
14 293
263 462
55 294
16 342
142 576
548 463
150 173
528 289
492 589
407 55
496 367
419 584
114 437
90 472
138 2
492 417
29 523
142 198
370 558
591 17
503 512
597 12
586 584
422 319
394 75
463 278
202 147
44 113
331 227
328 479
465 45
45 119
427 321
505 401
332 34
172 530
509 407
369 386
214 290
448 360
442 80
346 508
195 65
286 270
481 480
574 399
375 576
480 536
218 440
284 225
594 571
19 50
30 278
481 193
499 416
162 142
506 532
432 541
319 327
30 366
56 114
37 181
495 263
256 324
217 571
327 446
221 502
216 152
410 390
561 458
148 450
589 147
308 61
259 240
107 314
498 128
218 65
486 335
22 249
135 429
468 303
592 261
587 492
396 366
345 25
261 426
515 177
529 73
347 72
82 408
267 442
264 207
154 154
332 283
172 309
104 424
231 567
298 537
465 247
89 346
440 475
411 6
191 341
3 454
363 355
530 426
7 207
465 195
488 492
548 226
119 441
180 49
134 425
544 350
227 379
407 532
329 284
180 595
405 142
271 400
275 414
265 30
418 543
207 584
550 116
507 524
553 91
42 251
329 539
26 382
299 6
216 323
355 517
598 253
277 574
148 121
492 437
244 353
250 424
401 134
255 503
97 422
117 316
461 182
428 289
441 35
444 536
128 385
491 11
494 236
347 291
491 557
137 203
93 68
325 251
505 414
405 406
245 492
374 133
281 552
8 567
345 62
588 136
301 351
425 417
64 585
411 43
277 325
573 317
187 361
203 173
193 79
97 251
24 453
135 65
34 114
176 363
83 60
443 15
261 348
352 90
527 407
134 592
2 411
352 363
430 416
401 366
258 435
328 159
235 299
459 359
534 219
236 405
568 535
108 191
275 555
510 50
362 387
54 484
450 66
388 318
501 504
107 433
207 243
354 243
495 37
255 360
61 162
247 61
175 206
522 377
85 179
112 114
59 329
543 486
192 490
216 468
175 396
562 387
282 336
161 134
66 232
131 60
183 281
439 129
152 243
109 141
437 139
84 516
520 383
117 15
5 53
67 591
47 312
390 73
402 167
199 431
235 214
245 584
134 486
115 32
129 227
317 367
256 36
115 381
572 37
101 127
215 529
53 260
185 559
558 420
162 595
319 471
286 381
344 506
93 166
249 383
53 201
211 507
213 117
401 290
362 370
496 586
277 558
593 183
12 504
4 477
366 84
460 192
64 225
211 266
121 364
294 35
597 202
445 560
436 26
318 233
335 462
596 430
300 517
503 571
475 568
592 165
413 63
303 326
582 214
49 459
503 64
372 552
342 160
289 240
135 581
305 211
3 409
372 265
561 437
591 486
506 423
127 165
26 335
536 563
70 97
201 471
349 281
370 564
300 357
458 313
364 425
599 525
160 408
370 463
4 364
418 259
571 65
415 127
409 327
550 87
68 177
558 509
82 317
299 411
505 382
350 163
465 380
517 438
12 374
453 258
515 478
384 395
473 129
157 335
291 461
146 491
481 188
509 220
177 150
195 138
507 27
490 440
368 151
15 495
425 142
352 507
249 136
372 232
58 451
418 516
427 402
519 447
274 123
43 363
273 556
382 88
191 345
443 261
334 248
458 106
437 66
326 247
422 83
365 173
103 498
427 255
234 261
596 155
547 221
129 6
29 325
289 545
589 219
538 227
469 302
259 274
241 41
145 279
379 70
218 370
284 97
373 499
418 598
512 590
116 528
368 536
68 157
245 370
372 22
128 513
48 575
76 9
596 564
167 441
260 559
543 61
44 207
260 474
355 327
432 498
132 308
529 108
36 67
51 424
332 331
275 150
361 194
185 169
384 489
120 261
113 252
219 477
77 434
241 408
409 441
373 368
488 585
148 343
202 115
307 413
82 119
596 33
564 284
468 85
198 568
128 589
321 541
27 300
241 346
79 31
196 495
23 396
327 490
66 414
401 219
132 46
119 77
155 262
556 576
259 483
454 318
217 131
505 583
2 196
543 134
435 202
429 598
18 539
340 84
50 511
380 434
121 549
538 381
46 426
239 589
290 275
497 367
295 172
462 538
376 499
439 580
245 358
170 285
387 458
262 415
327 591
409 129
436 227
43 243
294 231
304 241
441 282
89 397
346 369
137 44
174 196
549 396
238 194
354 128
556 288
362 366
292 161
295 228
379 598
571 105
112 476
500 565
175 104
24 61
577 198
51 504
325 118
444 406
68 398
164 325
198 75
87 328
91 209
25 472
371 430
364 581
98 413
139 124
119 89
390 365
400 462
108 428
445 32
534 365
506 106
374 498
242 297
172 362
98 342
471 481
587 590
565 166
530 86
555 425
345 374
403 533
277 553
281 363
308 481
189 586
471 438
289 513
247 330
545 288
544 293
142 99
517 370
259 110
267 153
499 86
185 112
182 228
359 481
71 286
25 575
505 76
340 576
111 125
298 277
337 336
576 447
258 232
568 406
580 592
547 435
597 224
337 181
533 8
398 387
424 189
277 509
324 303
30 505
194 226
580 538
302 83
526 178
371 380
545 472
196 449
523 521
177 323
197 190
283 340
497 37
306 12
178 521
457 196
363 108
270 513
570 303
297 316
594 374
560 216
154 167
2 540
65 433
75 206
48 494
393 114
185 464
320 55
391 409
436 531
62 237
334 468
310 215
414 379
20 567
183 17
97 548
556 166
341 350
429 305
207 245
270 105
211 9
74 82
15 598
105 148
536 49
396 176
153 216
217 313
174 300
376 445
524 451
58 113
11 506
295 519
153 357
468 15
417 116
345 315
587 451
63 3
330 317
464 596
587 361
13 491
192 234
153 59
120 408
82 363
401 94
95 105
528 66
373 27
98 280
85 322
455 509
557 121
297 291
349 402
560 499
338 240
598 348
412 166
63 103
101 242
376 321
131 146
91 417
522 483
45 139
155 452
586 442
204 403
596 14
520 35
555 125
306 237
379 331
307 276
450 261
208 3
351 95
405 14
529 379
150 208
481 175
262 344
524 376
293 228
546 572
69 256
347 123
148 249
282 474
317 19
433 516
505 65
306 429
342 323
188 455
591 553
125 39
295 174
354 297
302 288
437 464
221 93
92 400
563 240
407 488
365 294
419 177
142 461
63 113
151 559
555 362
412 493
318 551
235 429
398 284
411 433
459 558
49 382
147 428
496 266
406 447
487 497
513 595
109 503
175 75
358 237
489 274
26 409
447 403
155 124
87 124
294 147
100 19
206 300
341 507
438 71
340 184
376 82
300 192
285 248
61 319
496 72
354 134
362 450
43 376
545 452
312 544
589 440
382 342
259 132
272 292
262 283
152 61
290 463
285 470
118 558
88 74
255 372
455 27
234 317
284 312
569 210
470 545
328 558
347 573
253 222
322 475
442 230
52 427
113 48
52 508
229 441
148 151
553 5
191 13
410 289
455 209
566 470
222 509
102 36
84 10
237 241
138 549
482 362
330 349
430 344
349 198
336 542
162 109
161 114
526 119
185 72
326 371
391 440
182 599
5 122
212 286
319 579
20 512
427 307
365 592
457 507
4 363
29 248
240 455
226 392
334 584
41 69
41 223
396 53
585 61
75 272
12 575
370 35
343 463
471 428
417 200
223 187
299 177
156 344
494 44
369 347
170 579
256 233
533 261
376 545
485 261
279 484
478 25
432 560
465 42
78 74
339 161
401 588
256 63
273 14
15 450
184 140
34 230
238 102
139 118
464 108
110 13
346 417
426 278
145 112
153 22
131 148
544 19
365 69
54 64
173 57
288 483
473 438
415 476
293 584
555 339
95 500
100 381
387 372
378 255
341 513
442 389
88 461
113 460
152 542
24 585
467 460
352 401
525 204
483 29
195 94
403 571
172 321
224 324
410 488
314 554
474 358
6 475
152 459
12 40
3 94
518 43
16 598
50 3
125 413
540 471
345 283
223 277
509 421
435 145
514 538
306 270
416 342
77 544
511 81
524 330
30 411
599 39
564 86
399 589
218 337
427 150
574 407
94 275
71 49
578 269
168 64
347 160
220 511
459 72
62 555
363 310
159 483
409 366
360 289
79 416
206 19
213 220
390 149
350 512
27 356
177 502
226 131
586 248
204 330
98 542
548 143
108 39
256 444
354 415
499 536
430 337
329 416
119 127
86 169
94 598
493 586
571 599
503 43
32 223
154 350
406 130
289 293
2 267
488 273
316 200
530 342
246 583
49 25
76 205
572 181
280 139
269 228
290 176
117 297
136 252
148 371
57 102
276 231
85 496
20 165
116 410
519 220
196 138
558 303
395 301
73 400
464 519
298 199
505 97
91 505
289 140
66 57
401 342
78 196
326 419
409 445
578 40
60 5
585 94
51 64
545 473
484 5
209 179
194 167
264 74
459 310
449 284
441 341
294 281
343 400
504 130
226 594
532 35
318 57
83 460
498 515
504 425
405 344
368 468
495 50
556 243
92 430
478 188
160 455
301 59
398 123
432 243
549 162
511 306
323 575
169 122
483 270
500 217
449 421
573 127
209 344
22 472
540 189
146 1
559 456
397 485
518 475
58 523
83 321
361 239
495 177
161 460
440 222
425 269
308 134
144 341
140 216
508 157
586 354
336 509
232 240
436 171
406 257
101 447
4 231
136 375
312 184
490 316
597 162
506 180
69 362
494 136
151 321
541 145
493 148
497 504
526 592
569 214
517 195
166 471
116 170
523 244
157 264
266 248
467 16
360 379
577 338
340 304
356 127
473 164
389 479
254 150
4 218
516 158
403 164
337 135
566 428
96 305
54 300
169 137
96 525
8 547
319 199
164 474
186 16
264 277
87 97
211 189
313 141
464 369
188 179
425 315
187 227
35 137
119 559
452 51
351 494
101 173
598 478
555 24
342 293
197 72
126 189
551 539
351 379
172 436
200 16
277 215
141 195
3 559
164 15
150 128
457 380
518 177
227 35
564 321
315 471
451 236
160 67
245 213
362 233
158 364
120 118
350 222
385 288
312 93
360 537
412 41
172 452
479 6
189 92
527 32
388 157
235 264
400 453
216 207
578 444
378 467
335 245
159 63
455 81
506 17
47 545
468 218
381 428
470 245
306 254
418 38
164 335
207 35
537 187
424 181
508 532
226 308
360 488
368 497
479 122
317 259
285 6
168 495
391 208
354 441
565 282
137 514
154 14
93 215
11 592
383 65
413 2
492 70
365 568
95 569
187 96
137 292
127 473
67 404
294 272
586 74
479 360
598 509
137 175
167 544
287 405
430 129
211 393
360 166
597 401
205 304
599 405
355 36
116 148
473 360
263 319
558 179
36 27
366 57
58 1
407 329
245 309
343 534
312 379
510 536
180 518
485 250
351 99
422 330
219 514
91 538
222 320
520 572
282 448
392 289
32 152
378 403
387 595
205 340
410 358
456 252
272 58
463 118
461 365
339 215
92 552
254 431
571 387
400 146
94 314
196 133
192 426
49 68
267 291
303 324
163 512
88 217
400 51
348 501
60 106
51 346
408 360
589 308
401 542
501 227
84 425
362 559
470 244
542 383
413 471
327 429
459 121
40 440
533 426
444 579
173 348
525 207
142 48
136 110
215 574
158 470
340 306
273 292
59 40
208 193
528 453
144 518
46 597
508 423
569 138
566 17
374 52
575 520
412 318
299 521
539 510
549 45
566 153
174 549
354 290
319 562
296 405
341 331
378 497
429 461
592 148
126 357
425 153
160 144
225 5
466 545
306 152
149 235
178 2
287 261
81 213
468 331
251 277
396 414
437 294
8 264
179 68
482 259
40 262
532 427
112 505
565 488
241 115
327 116
167 332
581 128
494 199
183 287
593 220
418 203
104 390
519 67
285 110
122 179
290 333
459 20
288 62
359 441
550 316
515 572
476 541
81 219
155 333
352 510
506 484
40 593
573 561
130 338
114 439
257 58
158 52
270 62
438 197
345 146
97 484
167 323
353 245
277 149
246 557
303 353
248 96
140 96
321 251
263 422
371 590
517 60
90 148
15 299
126 517
399 368
6 576
64 182
280 226
591 82
481 383
456 232
11 264
326 94
264 460
292 383
515 320
367 133
220 293
337 598
250 27
38 507
412 486
431 13
166 311
520 268
599 38
304 24
532 269
328 33
121 586
2 341
346 311
584 83
307 127
161 9
128 386
569 120
111 476
125 479
47 373
339 341
436 124
190 98
345 119
281 234
404 422
378 569
445 321
368 356
44 334
159 128
3 111
30 396
581 496
184 507
524 309
489 400
585 370
178 112
290 16
324 426
164 66
198 403
596 589
415 293
123 122
5 341
213 401
298 141
154 530
463 511
578 324
351 195
44 517
325 55
194 388
376 434
509 186
280 273
66 466
326 167
587 60
253 80
495 64
48 74
194 367
114 244
381 519
86 281
399 587
22 519
366 194
17 490
74 427
465 599
473 421
333 441
22 431
293 335
427 28
319 551
47 344
196 161
459 548
153 183
33 412
21 42
561 384
436 266
180 442
521 274
356 8
31 177
585 160
45 438
402 591
186 67
359 524
313 7
488 170
41 466
312 121
86 91
185 209
476 434
272 574
486 439
307 333
297 586
300 568
222 213
588 234
355 288
131 72
442 584
538 291
309 266
545 523
527 454
260 88
548 106
406 324
143 178
568 373
488 387
173 263
145 148
227 594
438 360
467 565
266 277
172 243
473 319
220 162
179 594
108 194
173 288
574 424
46 446
568 389
463 196
123 369
247 546
25 54
43 30
341 397
427 47
114 162
570 442
202 403
291 83
119 59
155 309
248 361
531 57
251 580
218 463
561 539
195 598
464 523
517 212
98 293
252 116
136 320
333 178
522 545
260 296
278 132
460 499
208 587
586 131
564 466
494 109
458 109
333 213
1 146
198 365
124 214
284 199
13 172
266 291
365 559
45 450
71 39
488 329
176 169
32 152
269 407
476 74
531 515
16 472
481 513
200 158
534 89
402 377
316 450
558 333
204 292
407 68
269 151
301 451
505 502
464 381
101 472
208 305
371 54
467 44
63 542
350 448
543 62
416 243
25 473
579 32
100 280
321 206
384 255
261 366
52 13
67 7
175 383
474 185
266 486
52 163
131 229
86 225
212 125
49 47
325 580
226 13
401 407
96 88
88 397
19 317
420 333
457 131
45 285
77 104
202 410
384 39
156 76
376 511
398 283
113 362
310 303
39 271
399 310
51 59
246 224
21 462
116 258
422 303
129 12
488 356
599 370
198 262
456 440
311 372
485 540
205 494
7 444
590 421
371 561
257 345
299 209
225 125
24 121
210 496
181 67
95 238
379 288
68 309
508 282
424 264
336 316
132 299
111 50
184 97
236 352
18 468
435 74
125 364
596 206
406 442
88 405
369 265
403 35
337 583
515 505
31 395
402 23
423 246
285 302
408 120
211 445
468 402
120 164
284 570
519 229
221 170
534 319
5 74
542 6
9 546
309 265
140 332
353 306
59 474
465 166
372 322
557 484
324 295
493 215
570 189
55 126
316 31
581 122
89 395
595 263
65 597
271 74
155 20
14 250
551 589
256 378
33 285
116 272
518 568
170 432
518 520
384 11
534 396
484 570
452 18
382 15
328 420
372 455
13 304
324 413
232 107
340 316
284 507
311 417
574 160
563 319
386 380
522 339
331 323
547 459
375 37
5 4
434 472
323 57
177 286
13 256
587 31
272 496
504 178
229 33
376 307
532 37
242 474
472 21
567 454
411 314
370 347
313 143
172 396
191 218
396 220
543 404
259 488
374 288
443 463
574 341
590 530
598 297
93 246
526 304
17 555
508 273
552 456
50 457
488 32
340 19
342 203
309 348
97 306
216 374
454 104
41 481
429 238
174 575
260 582
44 399
65 404
288 126
408 199
260 495
491 41
355 487
472 552
557 62
551 42
588 107
325 547
86 65
418 188
34 11
317 33
142 494
307 411
241 283
133 239
239 407
234 377
38 150
585 176
44 167
181 345
64 364
158 179
210 375
1 366
290 197
533 552
147 498
441 150
520 70
371 538
191 286
33 242
520 99
416 573
10 309
210 170
214 476
588 91
576 111
561 283
170 22
453 447
505 109
299 367
202 575
194 59
359 555
311 381
60 208
250 175
572 352
590 165
205 426
376 526
94 597
70 300
425 387
37 86
480 266
427 348
431 390
198 405
466 339
346 538
339 454
570 43
346 521
435 313
197 207
22 577
380 55
136 346
431 518
560 451
464 368
481 385
472 402
365 38
21 556
228 451
571 353
268 45
487 37
73 292
361 461
494 289
363 140
143 571
67 157
454 508
310 322
409 193
535 570
366 531
242 344
199 6
31 484
248 492
87 6
251 221
102 209
24 226
556 250
215 268
260 573
480 118
47 573
243 285
483 329
491 434
85 18
14 454
335 549
180 407
218 229
302 552
91 259
189 6
569 460
484 464
195 363
361 75
390 418
557 378
521 250
456 322
356 407
22 152
507 598
121 328
511 8
23 12
542 6
342 327
174 75
201 398
456 129
88 437
454 83
319 307
519 540
555 117
487 11
279 125
153 565
594 240
487 453
32 381
319 53
206 238
326 400
246 426
345 318
299 105
267 82
481 134
500 246
247 235
178 413
292 81
18 455
250 268
81 290
371 15
197 369
5 66
454 103
580 210
294 303
335 387
371 17
265 416
127 510
157 310
533 271
10 506
168 593
564 302
44 127
263 359
332 241
415 546
454 470
204 283
291 412
255 179
237 37
123 40
272 423
41 142
445 18
568 294
562 230
426 516
44 519
197 417
313 45
346 67
81 324
159 21
306 79
466 310
420 418
506 438
549 175
149 24
378 88
281 275
323 375
333 500
144 534
360 42
342 329
214 288
554 64
341 180
190 338
534 246
511 508
474 254
389 131
241 410
376 547
121 558
69 300
42 171
338 134
75 412
581 449
165 302
267 341
70 345
2 168
282 362
313 60
375 528
415 130
372 237
590 456
232 235
176 504
548 547
134 529
86 459
226 270
379 312
438 255
251 350
578 431
201 487
475 275
25 544
162 262
127 344
326 293
537 245
118 274
15 177
549 9
69 22
537 126
451 364
308 230
268 394
263 159
577 172
359 134
352 542
598 438
120 117
382 115
577 567
94 299
110 325
40 589
450 225
421 591
484 534
393 239
386 192
349 73
49 148
42 347
398 211
490 111
516 589
460 329
303 193
441 257
566 7
583 472
234 538
391 31
75 356
135 91
233 64
492 462
75 105
378 291
196 459
315 60
364 410
264 354
284 111
288 586
270 565
140 456
194 163
429 530
410 476
187 237
168 120
177 272
84 229
327 384
42 137
419 557
27 90
371 50
80 288
182 526
118 114
358 104
433 50
316 97
36 298
396 60
546 331
272 537
383 304
395 272
357 202
326 552
480 585
424 457
214 343
380 221
161 13
445 319
25 359
156 395
6 236
569 545
127 146
598 224
239 456
442 380
153 198
263 377
92 59
598 215
72 355
91 270
50 183
134 476
555 558
290 174
469 300
242 185
565 433
260 36
347 282
193 2
422 253
308 56
368 247
54 588
174 258
55 468
2 179
563 63
2 44
560 4
550 40
145 372
383 355
403 343
170 133
400 261
228 569
268 168
209 418
508 398
399 590
382 498
515 10
396 220
363 434
69 479
410 148
361 473
66 255
469 492
100 208
513 354
421 54
373 472
99 74
224 314
219 449
265 138
160 112
29 272
227 258
425 68
271 150
64 146
228 457
580 69
332 162
138 310
397 104
425 489
532 40
364 526
111 430
42 296
520 375
325 221
38 443
520 451
523 46
55 425
348 463
471 23
346 353
318 334
108 516
196 563
95 591
40 97
280 58
498 326
437 407
23 126
529 245
546 521
373 331
331 455
138 216
261 108
75 397
350 209
329 502
382 309
137 213
481 584
219 527
540 232
330 586
239 146
86 580
63 83
45 203
319 442
468 336
533 224
36 512
219 499
404 420
277 194
57 397
570 313
162 108
235 190
315 502
462 476
103 422
113 64
149 579
566 483
539 280
331 457
227 405
214 228
352 495
415 94
347 468
478 247
294 339
132 445
77 443
76 225
556 195
5 40
550 325
307 85
102 209
512 495
583 597
317 67
433 355
268 102
503 595
6 426
173 166
81 256
342 445
209 495
291 65
309 547
494 228
292 360
298 416
58 512
344 138
587 546
502 375
179 130
435 47
383 344
525 80
292 374
41 313
350 228
497 102
99 404
417 7
330 10
458 320
519 189
336 50
208 527
311 566
543 238
372 159
405 34
479 415
125 382
530 303
39 167
324 460
598 588
179 376
574 234
302 316
28 462
2 59
504 506
435 166
109 34
212 169
34 98
134 477
475 468
593 363
59 447
147 117
168 196
33 359
353 282
127 202
120 435
499 210
388 0
423 17
307 62
364 330
217 341
485 178
422 229
22 343
403 352
552 39
567 348
593 116
228 402
493 262
338 223
317 483
302 308
86 262
595 204
16 515
46 456
471 395
592 342
541 109
333 271
329 569
374 335
61 380
417 179
128 4
100 337
398 492
491 359
290 550
432 379
129 443
231 287
330 146
501 153
286 405
432 425
51 334
92 174
272 286
302 57
483 525
326 139
222 508
276 422
596 353
260 542
228 27
490 55
132 271
166 501
397 466
494 361
516 356
272 260
543 223
214 577
244 395
90 587
320 546
355 414
524 385
176 403
485 404
112 461
338 249
77 255
255 90
583 44
500 392
179 200
259 26
420 62
530 422
78 370
41 273
302 31
494 483
108 535
209 470
430 475
514 159
507 185
276 295
428 256
124 429
519 129
180 43
463 32
277 421
383 352
341 163
271 231
278 349
336 377
511 187
543 579
277 464
354 493
298 73
528 16
442 427
519 167
273 121
531 348
265 328
395 221
221 535
103 23
95 222
454 524
536 97
309 160
221 280
102 25
501 286
143 437
3 585
135 70
519 505
139 432
517 491
517 429
355 26
194 171
511 5
466 317
193 367
188 374
368 67
162 247
81 114
408 552
395 161
518 525
285 310
473 66
74 271
599 297
363 24
437 273
92 536
75 434
539 213
214 233
146 406
354 251
200 193
141 201
471 559
599 247
184 232
474 461
196 548
96 431
58 562
417 477
134 189
143 530
202 358
123 388
259 248
127 591
103 181
486 566
29 48
266 415
577 71
254 487
59 566
480 9
352 190
461 55
186 80
410 398
362 94
417 393
94 215
113 236
563 423
257 521
419 264
512 597
551 578
456 51
203 120
462 326
105 284
325 343
265 155
23 115
226 85
67 556
315 216
474 287
436 421
294 200
147 579
404 6
276 409
284 304
313 410
133 14
310 65
470 292
442 231
464 510
183 207
497 210
63 475
66 427
502 233
547 540
106 239
208 536
513 156
589 449
517 443
320 373
381 402
439 396
423 290
223 84
561 385
591 356
134 204
380 474
592 262
62 1
173 381
140 170
233 236
171 131
156 524
149 205
410 553
296 279
109 448
443 262
26 489
270 89
209 236
12 461
564 480
76 301
514 129
413 499
94 370
463 540
597 503
385 77
99 559
62 177
141 151
465 441
482 287
580 538
67 243
251 391
591 362
143 7
103 553
494 92
189 370
439 98
561 46
106 312
385 391
496 281
73 574
479 401
31 519
410 589
538 150
103 571
568 432
209 148
581 541
458 236
47 145
374 324
100 184
463 374
471 285
336 350
409 154
564 86
359 193
80 342
448 434
533 417
420 488
66 96
41 9
139 497
364 146
47 391
380 284
475 176
457 64
465 26
163 437
66 426
488 442
594 414
564 241
373 331
159 228
122 461
560 565
462 506
559 165
498 79
228 126
363 79
184 365
38 386
472 376
166 217
590 468
134 509
231 345
346 222
185 191
49 16
329 216
591 560
453 396
569 23
553 590
284 294
41 549
119 499
345 566
569 288
490 148
253 87
450 232
223 6
472 279
60 150
326 248
475 33
529 330
362 209
342 126
548 598
410 229
381 506
179 14
86 41
449 436
403 22
358 162
311 396
144 284
371 549
121 477
464 207
161 8
411 462
190 17
494 125
428 78
568 268
229 236
558 186
180 124
546 422
236 452
388 243
245 366
63 398
147 261
88 303
568 341
220 72
556 269
513 217
97 272
275 57
173 283
236 540
142 344
458 453
146 220
380 50
21 346
560 174
21 128
271 117
381 355
392 27
336 38
48 87
11 221
343 145
488 201
282 267
148 167
465 399
545 58
399 235
58 593
146 526
191 295
74 440
428 559
346 204
12 67
312 137
219 159
445 51
554 565
63 52
583 343
90 160
473 424
505 484
138 116
61 127
101 523
478 574
134 433
240 506
429 584
224 155
172 567
187 495
521 326
42 598
408 87
158 580
227 188
444 497
54 283
19 27
385 542
593 354
32 526
185 520
243 179
192 467
85 589
330 82
485 69
178 335
153 476
392 299
80 230
515 154
547 155
582 515
597 571
226 228
246 25
597 576
357 193
126 42
415 597
343 374
557 380
225 275
62 598
478 448
241 469
72 178
243 164
145 51
319 147
23 529
317 212
175 25
6 296
587 190
489 304
314 97
581 573
350 227
483 116
308 539
85 375
561 15
307 337
298 542
95 437
467 268
72 167
216 228
357 514
52 463
268 407
570 479
365 47
477 270
64 122
14 158
421 598
383 158
565 73
106 164
60 162
24 158
481 48
14 37
131 598
362 520
545 236
77 363
411 528
369 517
385 484
409 444
491 67
135 205
525 27
301 448
336 334
255 597
210 297
250 515
149 320
111 22
196 376
324 323
590 591
113 95
348 19
432 281
221 495
78 169
418 165
458 566
570 599
564 91
206 535
453 31
182 178
544 41
242 437
463 598
587 443
48 567
73 464
156 272
467 383
322 514
312 419
520 254
508 162
481 29
270 221
415 318
175 53
384 248
240 185
7 205
459 161
591 564
270 531
81 303
583 390
363 273
394 573
373 300
57 247
337 195
554 347
410 548
415 137
327 164
238 246
493 356
159 493
151 193
268 67
484 9
179 22
70 547
248 21
35 13
557 161
178 47
278 244
91 333
100 595
374 209
123 393
424 538
356 433
171 299
102 572
264 595
482 486
264 368
25 499
283 39
239 446
319 99
411 426
509 592
324 468
301 400
93 192
264 213
526 110
453 465
61 313
49 385
554 11
158 395
304 306
160 190
353 509
571 545
56 345
156 465
547 389
259 344
415 60
275 520
199 392
135 372
540 331
496 360
402 81
200 522
75 68
123 140
17 136
490 399
164 372
594 132
143 111
137 44
87 175
532 394
55 189
292 381
248 357
3 371
407 550
251 11
484 346
102 102
8 136
11 42
467 295
338 21
496 94
272 134
422 200
268 140
593 73
72 297
82 264
212 24
149 184
265 169
599 549
28 552
439 50
377 336
480 129
193 419
407 46
127 326
166 521
282 324
511 13
239 588
273 159
493 503
9 359
281 357
418 182
91 160
276 535
231 77
298 492
486 108
81 16
48 345
516 56
303 258
102 181
518 156
463 478
182 356
353 543
72 151
327 418
497 174
522 529
16 538
527 423
127 340
304 369
363 584
410 403
370 182
160 596
410 286
289 375
296 180
454 344
331 282
1 67
365 375
525 216
512 406
99 476
401 533
287 359
6 46
206 153
183 49
359 516
14 191
182 148
321 356
364 339
52 485
288 482
376 411
46 469
282 6
439 288
114 142
525 210
508 334
330 488
434 267
266 39
543 207
469 158
462 236
246 468
326 153
205 55
328 121
254 426
457 224
121 200
418 565
530 212
534 572
545 83
425 559
386 535
557 220
558 534
573 257
102 28
62 50
525 441
138 166
1 397
89 351
417 220
39 492
318 389
488 239
420 19
382 236
311 263
388 461
70 54
454 284
309 369
473 581
538 479
277 564
557 573
44 176
134 400
414 94
495 358
143 164
126 437
213 18
248 378
200 282
567 267
32 454
252 88
348 481
435 5
273 412
413 280
125 445
409 162
386 279
104 285
463 205
202 223
167 541
428 507
471 372
302 420
308 556
352 456
373 146
386 35
23 528
537 553
550 554
268 594
320 226
376 137
300 150
26 598
347 518
559 367
22 212
226 243
424 131
102 85
534 279
571 223
323 346
509 436
273 184
140 593
548 35
563 498
455 306
445 304
437 282
519 6
311 495
380 309
419 330
309 431
141 279
170 506
145 217
111 21
119 242
155 328
527 552
238 413
164 172
272 457
590 343
570 37
59 527
29 309
95 527
107 11
253 236
147 298
351 443
509 407
522 525
324 235
223 158
577 586
39 233
21 294
121 344
203 434
118 135
168 437
372 434
238 191
26 428
155 88
382 522
98 294
576 205
445 367
7 433
534 329
171 273
146 402
138 9
357 351
493 283
592 311
514 485
222 496
537 177
152 372
77 557
557 226
10 413
150 24
387 505
423 163
42 477
153 290
457 385
236 145
40 235
374 460
469 64
330 371
313 313
595 54
305 377
27 22
583 572
104 561
182 34
397 392
151 424
230 369
319 510
555 438
171 159
158 390
290 2
285 80
199 370
530 438
505 227
410 377
383 271
553 412
56 247
24 488
348 461
210 25
511 174
212 3
253 288
8 32
215 417
501 262
441 170
468 329
570 308
568 147
128 305
338 550
140 134
476 353
501 539
22 507
271 359
327 226
225 305
557 272
250 595
499 547
300 208
532 168
127 501
509 521
247 291
117 117
569 195
318 10
230 55
433 259
60 399
369 160
258 439
219 342
311 414
314 381
427 117
214 139
574 126
363 400
27 410
173 259
348 53
419 478
286 113
404 27
200 188
517 232
123 372
142 251
461 514
405 183
108 54
150 26
580 458
484 538
290 215
332 374
588 178
234 75
189 43
84 139
119 73
251 593
235 584
73 342
351 188
359 170
37 153
302 549
359 368
363 71
213 96
245 162
144 372
337 12
178 586
530 99
576 325
326 324
424 335
276 588
566 477
204 351
369 82
174 28
153 161
425 54
588 531
580 481
134 203
550 201
268 494
368 119
188 186
497 234
283 504
271 30
14 109
6 385
529 361
40 374
18 297
574 6
255 141
312 217
290 538
460 90
450 349
14 533
512 422
208 282
525 394
567 498
354 169
118 413
192 399
101 129
287 578
455 139
377 291
486 564
169 134
26 137
91 430
574 214
416 115
531 345
110 335
588 391
407 536
18 524
236 151
514 125
349 240
327 409
372 107
279 382
463 185
376 327
584 577
129 481
565 221
84 91
67 343
514 15
347 16
115 215
151 115
106 541
278 537
205 289
250 295
244 328
316 98
111 469
514 568
228 21
158 324
82 385
413 77
322 363
19 244
310 249
301 543
475 310
5 258
377 361
246 215
179 490
445 480
559 158
518 508
138 63
160 106
72 442
393 194
31 297
251 492
560 575
494 375
239 391
543 148
550 435
170 427
467 321
183 101
290 571
333 370
481 196
541 427
503 70
535 65
89 100
332 78
41 510
194 280
151 95
560 149
466 10
76 219
405 290
535 246
99 95
93 541
175 103
4 365
173 93
398 338
439 278
74 354
572 189
207 8
497 291
532 255
78 371
188 15
136 74
553 508
166 232
191 390
532 261
367 36
501 288
179 293
7 292
231 281
426 98
109 247
323 149
19 125
166 181
314 30
83 325
355 305
541 553
579 459
7 231
6 393
50 296
547 443
135 532
515 21
590 409
351 257
482 443
562 270
245 449
91 93
424 568
480 493
341 285
513 438
347 331
143 68
384 517
12 256
349 183
299 200
35 63
107 138
437 487
257 207
199 141
540 285
438 403
259 239
111 250
526 303
433 47
476 289
444 365
451 176
184 380
454 573
162 480
141 326
268 364
69 22
55 161
237 94
370 202
125 261
150 281
426 269
92 379
141 93
366 281
122 265
505 4
535 113
557 570
102 357
437 525
410 16
74 550
425 481
371 594
63 371
311 151
407 98
227 504
328 32
352 370
529 121
113 114
128 307
422 190
215 381
205 427
429 423
542 29
582 579
226 153
442 295
380 422
417 136
44 530
263 516
300 207
246 388
81 565
111 359
400 131
42 507
216 266
494 74
292 156
537 168
234 159
350 374
546 271
580 529
107 336
138 442
330 235
424 55
211 425
10 295
539 390
333 559
342 36
370 153
319 460
486 442
255 271
48 475
247 491
159 564
254 269
305 128
152 314
340 393
90 509
17 501
374 275
226 213
317 464
216 301
292 272
272 479
488 429
496 527
443 70
145 478
79 78
241 323
53 38
365 547
3 190
298 251
222 469
450 510
176 138
114 340
483 194
445 49
384 537
544 397
401 240
28 189
65 175
421 137
73 229
57 453
224 51
494 490
482 265
104 65
383 499
501 401
130 42
431 8
269 237
470 105
220 441
177 382
42 155
255 369
564 429
364 191
554 52
269 534
77 480
207 134
135 104
159 71
405 592
296 134
297 368
588 83
223 163
235 207
126 257
400 270
437 459
382 366
352 279
123 39
225 189
66 293
422 196
95 442
566 308
450 200
443 207
86 401
591 307
158 88
199 151
381 47
192 404
444 351
510 47
3 169
594 517
334 433
26 123
434 13
522 384
287 102
459 210
574 170
52 87
249 181
256 301
419 553
550 118
405 524
181 344
123 118
216 178
468 356
144 144
457 309
590 542
423 11
344 105
189 558
523 370
502 197
416 563
560 583
145 34
64 471
233 39
118 482
235 428
502 286
180 339
527 597
73 6
343 317
553 426
570 366
256 228
332 504
326 397
192 254
192 61
59 539
256 156
585 92
107 97
584 23
367 381
311 452
506 430
240 352
123 317
571 446
327 136
304 474
470 21
567 484
527 338
4 367
497 135
368 185
17 17
379 402
311 231
326 62
148 514
120 470
435 390
10 310
359 13
397 382
302 137
57 327
47 445
211 156
533 361
129 159
395 535
54 88
93 456
369 396
376 451
444 142
56 229
195 508
236 243
564 460
216 74
344 439
594 90
1 2
243 285
39 368
547 352
124 56
507 361
37 543
314 547
486 486
332 57
537 141
259 182
436 133
295 324
429 199
123 290
591 409
312 190
54 462
169 329
4 580
392 546
207 483
526 86
142 563
412 187
357 197
309 537
111 32
535 510
268 425
312 441
270 569
497 235
255 96
360 539
381 553
88 72
333 8
152 347
156 7
539 337
398 46
246 51
592 512
93 31
232 387
425 161
534 364
168 437
492 457
368 477
511 222
317 216
264 241
58 354
66 328
545 420
490 400
506 51
237 323
557 154
43 72
306 200
231 508
477 408
544 185
292 456
381 94
2 362
144 454
368 505
192 222
153 43
311 569
298 74
328 80
258 264
431 485
271 162
398 163
252 3
349 306
435 285
359 46
483 45
150 440
109 368
259 465
128 124
203 465
443 226
23 367
519 279
214 244
335 340
212 94
461 60
180 594
478 238
144 423
589 475
48 468
425 231
310 77
135 140
174 7
545 229
481 391
177 559
61 387
374 66
542 257
589 577
44 255
86 160
270 399
144 439
513 431
32 393
180 265
182 415
502 142
568 369
118 436
284 573
247 223
404 190
385 123
66 202
267 88
590 137
290 70
489 7
337 61
477 417
597 8
359 73
383 361
545 186
299 154
