5000
409 358
89 429
150 159
358 15
441 100
467 210
441 122
532 37
435 194
310 68
139 233
415 400
394 31
57 582
45 380
78 542
503 42
233 454
31 173
521 146
128 346
288 194
166 587
86 408
424 188
590 423
168 27
398 23
206 98
24 426
163 10
442 525
456 44
397 468
314 141
507 24
305 316
402 443
78 271
484 11
302 426
443 249
487 538
332 63
449 53
504 548
467 97
135 161
26 558
503 521
75 442
121 565
240 156
153 253
534 99
169 111
277 511
44 497
88 290
384 537
572 529
276 207
168 590
97 469
112 50
24 434
196 186
30 577
401 371
359 585
307 120
162 106
155 65
596 291
379 399
43 119
64 397
66 5
338 126
73 226
75 563
174 216
97 203
154 224
359 155
445 487
523 185
447 159
579 562
69 33
199 243
187 547
135 202
462 574
101 149
333 182
497 294
199 156
182 582
519 88
435 227
490 485
401 134
37 355
280 592
24 118
324 517
127 478
460 373
288 248
478 501
470 275
113 466
112 239
484 397
99 302
341 42
283 447
487 202
460 247
383 355
427 123
416 35
563 309
385 139
378 544
230 338
531 408
97 409
188 259
556 300
454 546
377 394
106 429
206 366
124 26
160 511
184 192
107 199
511 522
562 441
420 512
507 136
3 363
587 85
110 108
186 201
578 571
435 326
310 150
63 115
43 207
390 54
151 209
543 35
98 51
365 527
488 203
104 119
59 407
496 86
90 152
188 275
344 295
281 187
84 196
41 529
134 81
289 588
594 93
118 471
141 172
381 356
405 371
114 356
494 73
33 514
566 489
23 426
250 346
372 293
380 408
459 414
95 337
185 429
80 35
167 168
566 426
560 220
184 330
215 233
88 199
182 593
330 533
228 278
60 64
140 420
421 332
71 339
223 349
550 576
520 206
327 110
267 360
256 39
379 96
365 204
491 211
513 364
515 64
61 288
38 314
107 106
139 305
37 398
195 350
271 145
540 306
236 318
407 318
269 174
98 370
167 101
595 316
90 238
79 558
554 301
315 402
107 513
268 487
427 120
95 74
48 332
486 353
30 510
262 63
165 35
438 389
588 230
269 281
255 52
436 234
573 97
199 39
327 150
465 217
110 409
481 442
325 342
289 335
588 211
310 194
421 597
120 382
192 266
276 70
87 33
564 29
193 339
338 345
51 455
375 528
502 203
591 280
562 570
214 138
28 192
448 384
66 430
351 440
319 365
38 362
97 67
592 576
23 388
60 509
133 481
237 26
280 500
592 161
112 393
103 30
333 273
527 453
393 321
520 525
216 576
510 210
14 552
93 516
577 333
23 388
110 93
36 583
364 556
26 157
416 570
562 190
264 74
432 383
548 85
17 447
63 415
518 90
413 270
290 289
288 164
198 1
104 104
258 556
92 274
325 433
457 39
499 401
137 253
396 586
182 114
423 396
550 462
187 487
536 72
211 457
11 304
393 289
287 284
568 275
246 574
342 7
367 68
369 3
377 563
374 305
393 351
429 358
10 262
104 47
144 592
53 269
357 169
186 286
501 196
543 497
512 306
216 518
480 40
310 5
297 468
539 469
120 182
203 267
101 206
513 513
86 222
13 94
339 145
596 501
33 132
367 300
290 277
241 92
212 304
59 58
2 373
65 273
195 587
382 40
395 91
199 195
591 45
158 178
469 340
292 589
411 282
409 74
516 502
87 33
382 276
570 135
290 98
374 457
104 326
282 241
236 405
188 418
187 571
481 510
62 34
332 265
213 488
333 284
13 137
113 520
148 387
349 40
79 592
575 366
508 469
231 33
311 325
410 365
234 260
522 238
483 458
72 515
346 89
146 174
375 20
416 79
528 533
397 123
22 588
148 468
212 107
369 385
112 552
534 24
307 327
133 206
33 176
219 85
453 523
425 528
41 449
332 287
557 528
247 298
399 251
268 464
200 241
4 174
74 296
596 504
446 93
131 308
565 354
292 42
561 469
498 167
17 138
92 578
430 593
502 272
247 24
61 129
566 334
498 143
440 18
188 100
304 257
155 216
391 52
47 508
488 45
157 268
297 99
162 157
427 539
305 67
580 584
118 333
75 432
293 447
597 228
371 61
480 440
301 202
174 508
84 140
569 272
45 468
391 492
232 409
503 344
150 185
174 447
270 455
438 532
553 188
198 431
44 112
337 261
482 135
324 370
194 204
452 245
410 406
399 403
470 591
167 189
565 426
482 192
131 101
116 271
418 128
24 16
443 530
75 265
14 186
65 314
342 305
479 177
470 456
598 553
445 57
136 113
456 1
375 229
425 166
97 544
93 571
264 382
288 113
442 90
372 108
595 526
519 454
275 197
258 139
51 271
507 8
69 203
238 418
525 331
159 553
169 334
175 442
99 312
315 307
328 561
223 11
135 38
180 285
325 362
371 311
447 455
132 102
224 76
107 331
583 456
163 423
107 376
587 566
272 590
120 452
60 286
382 588
350 157
562 395
578 504
172 199
110 511
229 570
344 562
347 107
174 456
480 362
503 265
210 102
56 38
217 526
250 352
333 262
254 62
290 484
276 187
397 110
87 398
360 539
177 221
264 399
378 445
56 515
288 31
64 592
493 448
539 115
451 8
578 260
294 451
167 136
166 265
480 19
291 258
506 15
313 597
203 582
277 280
402 309
34 99
424 241
517 392
399 19
352 546
57 248
131 418
19 413
553 167
73 356
532 54
562 24
217 520
417 412
114 446
289 107
397 224
589 450
535 391
184 583
63 592
411 351
361 137
386 479
461 480
531 396
139 377
88 498
139 514
172 17
304 287
392 483
483 389
500 73
229 148
242 526
65 418
219 483
566 45
238 48
317 172
83 278
70 258
446 237
10 579
336 435
464 346
173 593
104 226
269 241
119 243
353 410
55 182
525 202
61 441
100 520
99 7
89 108
37 498
506 364
284 341
48 232
99 243
297 463
539 142
440 155
435 491
41 346
403 74
7 28
575 185
256 295
118 226
172 279
451 88
24 8
409 423
410 104
540 165
387 177
150 33
203 533
222 112
33 422
504 337
509 450
206 7
5 46
33 377
47 491
40 495
12 186
106 425
310 521
572 424
328 261
355 529
35 51
409 94
465 159
594 243
355 256
321 235
361 308
471 538
536 513
515 370
544 10
353 489
517 28
499 291
334 561
582 26
123 501
468 156
451 583
455 395
198 424
272 42
495 595
430 561
68 285
511 167
46 309
406 248
178 200
545 271
38 151
44 585
445 351
90 569
518 109
87 76
39 389
338 257
298 454
132 114
581 391
441 243
436 406
240 139
229 298
40 515
474 516
107 547
463 523
309 432
503 450
314 168
87 156
456 162
54 60
32 445
40 229
163 204
69 133
282 518
122 310
377 170
51 57
102 238
206 102
341 15
168 357
447 485
310 435
442 529
337 21
457 177
31 421
152 192
564 472
381 359
317 494
475 509
65 190
520 244
265 225
535 218
292 529
3 429
543 469
329 174
217 480
318 104
453 466
410 307
442 27
533 153
28 232
572 124
130 449
526 295
516 341
420 124
513 512
138 141
321 347
496 380
84 211
75 386
289 469
510 167
217 105
184 428
312 229
264 329
401 151
543 335
256 412
251 165
394 154
258 94
498 22
329 170
440 583
6 487
347 261
219 518
381 238
589 128
297 298
283 182
292 230
393 343
557 114
492 202
443 490
579 295
198 100
156 405
57 78
141 361
281 132
217 89
367 483
58 534
451 7
73 254
161 140
104 361
500 221
194 262
50 327
69 88
484 48
421 175
580 118
206 307
529 266
113 408
337 18
303 265
496 81
285 453
197 329
538 368
413 258
421 542
360 131
539 515
133 426
511 318
378 460
346 413
449 239
346 377
120 446
582 34
205 397
541 516
133 467
284 422
194 475
60 436
208 259
551 299
496 17
461 390
238 571
338 387
5 10
112 348
422 457
84 357
330 99
491 497
245 352
33 99
224 529
122 179
252 293
28 375
296 483
271 550
486 293
292 263
357 54
61 291
178 29
312 340
397 369
79 32
373 456
36 161
82 401
91 372
247 318
71 276
388 387
23 57
374 571
426 536
120 60
172 23
241 83
208 369
295 111
539 175
292 497
458 188
590 68
419 397
137 255
424 347
571 102
114 328
263 176
459 583
190 275
295 421
280 537
131 174
131 488
382 90
529 369
294 386
479 361
295 25
385 580
303 262
40 442
129 446
166 593
306 152
216 308
2 520
531 161
356 242
231 59
179 249
483 8
78 499
4 549
188 424
375 317
450 479
393 586
462 469
335 294
484 8
112 202
310 187
312 255
494 10
299 137
589 48
147 217
486 286
165 425
464 197
484 366
459 43
113 255
443 223
439 4
451 495
242 203
211 271
598 588
236 71
474 5
390 316
162 328
431 563
572 562
555 257
366 496
410 58
421 308
598 94
373 522
116 527
124 266
315 335
221 388
401 217
462 68
306 464
590 9
136 143
396 587
549 69
159 509
187 171
554 145
295 378
439 502
120 396
283 482
21 178
551 111
578 69
59 451
87 207
488 144
589 208
478 471
488 214
301 379
269 199
21 240
529 43
43 583
127 342
572 14
455 159
192 249
455 406
264 84
211 407
115 384
50 578
206 229
578 116
2 161
518 179
417 212
566 149
59 457
259 261
158 270
386 72
97 273
545 151
265 280
18 187
342 476
183 531
80 278
324 68
130 94
148 557
137 499
212 480
68 520
166 236
100 572
292 560
519 558
426 528
280 399
285 440
357 59
117 591
366 363
373 147
113 369
321 93
584 132
5 291
577 563
255 486
382 423
318 186
32 244
228 283
597 257
198 529
104 207
238 490
186 504
409 288
416 300
553 122
567 478
4 581
555 328
427 440
88 584
115 108
587 474
159 453
210 360
525 249
433 329
223 193
35 551
563 64
552 410
290 306
109 332
5 210
283 65
269 10
549 341
90 408
412 304
595 8
221 247
202 513
91 599
545 521
126 52
296 55
360 289
404 564
253 541
308 352
277 373
457 157
218 583
349 168
38 237
471 39
355 418
419 504
90 456
270 376
85 554
338 487
597 164
274 165
69 121
190 596
31 55
85 363
191 269
269 570
571 456
359 259
262 2
100 74
375 507
176 1
115 379
281 500
498 107
452 289
161 49
292 32
262 171
443 442
133 33
232 336
338 559
33 521
249 572
497 483
198 476
89 185
359 203
442 276
296 292
519 568
215 137
552 404
164 175
126 193
34 177
273 338
168 509
43 339
85 227
441 414
484 242
63 536
398 558
380 351
11 448
535 104
600 316
269 229
185 170
469 404
33 187
152 250
34 528
65 89
472 142
163 578
317 138
7 476
167 40
490 147
443 541
72 523
119 232
313 180
325 457
281 583
104 57
210 560
415 361
505 78
312 391
374 401
546 203
208 149
391 47
593 4
229 129
315 585
298 40
443 593
579 490
6 334
377 211
577 190
593 372
523 187
25 78
487 32
187 166
48 5
420 64
453 26
479 78
70 432
460 77
305 365
342 8
506 245
281 231
596 474
475 175
189 291
406 536
586 57
428 587
286 311
5 57
254 461
332 386
405 80
229 257
316 53
412 270
446 124
406 118
295 419
344 405
463 158
50 10
115 542
555 507
519 135
378 137
278 353
518 173
87 469
179 187
196 299
33 119
357 369
241 487
446 210
2 478
335 37
111 537
142 451
298 30
338 279
405 591
487 397
188 228
500 284
173 112
40 389
511 82
378 517
234 76
481 319
330 352
415 254
15 458
251 238
268 515
595 447
95 514
475 533
222 373
508 245
390 264
475 350
569 480
437 359
275 224
113 580
152 531
55 583
152 283
111 482
120 50
92 283
225 200
217 453
464 534
65 417
434 155
277 161
399 150
142 130
381 427
29 272
364 360
285 492
213 346
317 433
362 305
146 529
290 382
587 35
543 479
469 63
468 231
137 427
590 428
200 25
289 429
452 462
40 31
362 495
263 164
116 585
129 421
456 566
52 578
200 279
597 530
133 248
120 222
159 272
90 502
257 95
219 136
112 497
598 69
477 432
218 502
588 410
121 410
57 518
289 390
596 564
465 327
222 493
592 578
583 243
238 443
547 191
433 297
81 4
330 295
354 550
98 20
23 528
419 103
495 195
302 330
61 463
552 107
228 596
130 239
527 419
438 461
158 234
478 124
591 224
45 167
524 460
464 390
408 54
97 584
35 32
525 319
225 526
418 67
588 569
544 352
494 206
208 54
203 239
314 331
211 391
589 519
456 17
232 388
459 480
26 204
283 325
354 406
22 460
49 5
191 380
497 113
211 542
525 101
493 143
390 584
522 314
475 194
424 225
429 412
505 545
221 540
452 211
271 595
204 134
452 11
12 29
581 221
380 382
341 371
73 123
571 506
368 258
580 103
427 178
291 383
392 390
182 579
452 312
531 302
360 559
332 595
96 74
434 167
394 519
211 534
228 123
15 209
447 131
571 439
127 361
408 372
181 238
117 191
44 205
75 201
448 113
517 368
287 544
357 30
404 387
184 552
321 532
361 361
55 597
384 85
113 211
478 283
444 209
431 460
475 483
107 47
505 62
373 597
460 62
95 529
254 351
84 98
196 449
362 78
306 177
252 345
70 543
311 376
593 5
337 4
564 516
577 468
285 456
241 575
575 223
341 134
39 432
324 424
565 354
341 1
81 456
154 528
263 326
517 20
257 83
118 554
245 562
187 374
257 328
369 119
534 512
111 441
379 326
21 224
3 368
26 203
24 459
475 311
414 187
299 516
3 73
13 520
528 548
80 223
5 290
163 467
447 303
103 163
13 368
417 203
222 66
442 172
249 49
573 271
241 303
207 54
220 341
589 587
255 568
96 539
429 425
513 439
393 346
167 450
21 66
147 100
368 465
316 57
184 558
3 289
11 353
504 451
532 528
415 376
25 246
575 557
5 53
432 283
598 274
543 9
467 112
530 596
297 530
464 237
200 82
455 146
129 532
376 104
251 68
248 443
571 290
195 204
559 188
410 481
18 257
248 205
20 460
354 247
178 240
183 141
94 102
592 319
129 492
81 224
564 418
159 592
2 281
199 519
363 236
132 2
262 380
43 257
414 145
265 558
35 260
10 282
357 524
94 173
337 148
523 288
536 518
426 113
189 291
467 127
86 368
435 96
169 295
550 188
161 147
38 592
100 2
209 275
420 255
107 480
308 18
118 599
433 264
380 350
198 212
284 31
446 386
489 167
581 317
67 590
400 514
532 56
130 349
571 419
559 464
178 572
112 285
497 588
355 70
40 266
269 221
389 457
348 180
229 152
113 55
357 241
185 596
469 335
583 417
63 231
439 416
21 156
512 521
555 321
212 244
239 156
451 124
540 173
253 152
456 153
3 542
57 226
10 583
563 248
221 415
369 306
328 145
532 333
239 339
477 538
285 304
299 328
559 465
149 52
369 579
411 186
128 239
215 498
244 65
467 74
326 17
90 422
292 355
320 509
204 306
166 193
239 126
21 312
188 30
282 248
526 193
343 463
340 263
383 171
267 94
579 579
112 536
317 579
571 58
133 164
547 581
304 532
169 287
546 395
448 146
229 528
314 422
473 578
129 195
506 133
410 363
450 322
225 566
105 170
254 469
547 262
469 283
56 123
5 434
65 435
344 334
475 338
308 185
533 11
547 370
237 128
47 17
362 148
223 381
172 443
588 122
475 464
51 43
358 452
271 206
378 320
343 554
159 9
452 154
297 470
391 582
523 11
261 470
154 497
575 400
476 319
153 514
35 119
219 129
533 168
234 158
592 486
465 393
586 552
136 516
197 27
560 584
400 306
89 16
92 176
274 584
355 314
75 521
530 565
550 14
236 215
89 363
527 77
223 103
330 212
410 238
214 261
108 68
512 95
5 187
118 522
57 222
166 169
231 239
127 460
530 562
295 184
475 175
311 343
494 48
272 47
136 504
250 556
154 579
361 558
454 122
7 30
404 333
430 140
313 511
302 393
135 471
510 508
24 204
449 108
246 400
231 307
584 458
62 569
389 237
440 336
216 71
27 574
198 435
554 109
358 193
73 573
371 377
572 468
185 519
470 595
458 82
1 131
27 33
448 292
209 313
216 217
406 443
171 264
349 418
89 239
422 508
105 352
266 390
223 77
447 420
263 522
31 156
321 312
62 275
177 140
197 18
512 163
524 556
567 251
537 79
193 375
67 495
142 586
99 315
198 89
204 510
453 389
279 246
331 492
467 65
217 258
237 449
584 258
2 113
323 381
38 584
343 183
220 302
594 571
435 460
376 263
210 3
225 214
462 481
239 336
585 79
253 106
389 501
278 499
2 99
463 296
160 116
72 406
191 190
116 320
325 482
158 525
480 283
515 554
208 489
386 474
494 217
422 310
109 496
192 300
354 158
524 337
270 268
226 461
504 463
530 46
230 29
506 280
203 447
552 138
274 556
215 587
251 501
192 120
420 511
471 202
12 30
490 228
475 102
47 14
258 252
481 37
247 87
352 327
8 580
190 347
90 480
250 209
401 151
134 185
542 16
474 299
524 494
55 8
373 278
526 498
408 463
241 12
316 32
179 166
452 355
235 573
428 366
455 583
335 384
285 295
289 166
180 78
292 75
273 590
321 251
385 343
141 509
374 443
594 572
246 280
217 301
273 87
69 183
253 439
131 546
533 492
170 196
424 7
169 218
37 160
566 488
487 322
591 502
42 239
268 109
115 191
294 337
143 472
312 498
326 363
227 100
545 552
237 340
530 432
432 558
548 135
482 220
424 317
435 260
300 283
340 495
233 450
579 388
545 372
16 402
48 401
234 244
518 121
148 229
424 126
201 429
155 149
516 132
182 569
296 429
389 474
532 352
390 133
86 422
52 37
465 121
140 310
219 196
426 12
111 493
593 41
592 219
35 561
58 10
138 215
302 220
57 67
372 276
156 191
85 302
196 10
40 536
495 546
27 366
266 360
37 260
73 95
24 537
316 37
43 220
118 201
95 86
30 160
120 495
418 317
565 525
38 518
591 268
415 77
14 318
561 7
548 353
381 442
502 591
351 364
584 174
27 73
590 325
223 165
475 8
19 507
22 291
61 277
174 256
532 43
20 240
267 582
506 553
272 485
562 510
300 37
291 588
216 369
485 147
352 29
115 113
184 263
456 251
440 562
557 275
465 269
297 528
85 425
253 370
301 528
5 432
224 314
355 529
393 334
467 26
549 252
365 566
299 67
242 467
528 26
22 9
340 158
114 21
324 93
96 365
249 462
337 494
18 326
97 539
294 584
286 157
389 251
404 366
562 228
400 586
194 524
191 299
120 358
433 482
150 520
24 247
350 318
214 317
559 481
105 96
425 588
104 244
164 448
441 90
271 95
54 303
163 204
265 228
117 255
421 477
269 519
435 179
387 562
11 260
310 208
295 441
509 366
176 453
44 420
321 53
411 222
68 401
23 74
344 277
294 165
573 588
464 235
353 156
154 388
98 70
126 196
122 211
466 348
152 422
153 442
405 84
525 483
180 570
345 63
205 417
271 332
250 411
247 2
547 418
515 175
228 549
338 203
239 435
442 191
582 217
558 187
381 536
34 408
402 8
87 441
345 416
426 173
336 394
289 559
436 135
205 174
235 202
427 379
320 259
47 568
512 532
311 264
406 595
112 457
25 29
46 314
201 450
356 425
416 179
166 553
576 398
224 418
513 84
28 180
255 357
480 492
168 50
380 427
38 413
449 386
281 272
525 165
381 330
531 176
226 246
73 207
65 520
208 15
5 447
306 291
330 280
31 257
3 381
37 593
379 196
372 409
274 296
410 494
507 101
138 513
564 132
426 400
212 545
299 291
5 322
431 182
547 511
501 120
86 352
285 316
488 116
146 390
225 347
74 543
2 240
46 7
315 417
560 572
3 19
428 291
442 114
82 92
217 262
46 473
120 1
214 599
247 597
419 103
485 596
21 342
369 289
389 534
485 54
186 153
366 576
308 357
193 350
345 344
345 266
399 105
82 312
341 596
513 187
587 93
383 312
552 126
217 335
362 175
430 518
324 22
465 255
1 438
515 172
257 125
110 295
305 249
434 337
251 275
33 180
302 573
587 482
593 530
552 263
459 67
400 57
35 216
309 415
544 116
162 505
464 463
542 159
381 14
22 360
61 393
459 94
314 467
166 421
117 339
424 342
298 222
331 142
272 426
508 72
382 599
593 144
549 413
579 370
298 176
294 228
495 331
147 465
350 369
416 247
217 379
154 482
45 192
242 299
496 201
254 54
239 361
334 512
401 427
590 437
474 343
146 423
411 265
511 489
199 448
487 375
194 205
300 147
79 213
506 296
156 58
110 42
496 322
70 135
557 383
373 564
59 318
209 150
35 116
510 379
123 301
116 520
480 314
570 263
494 208
383 78
353 260
201 180
211 580
136 510
192 159
44 433
114 541
329 117
198 112
295 20
64 140
595 216
384 227
235 150
571 18
420 437
384 68
547 327
2 49
421 140
313 174
228 132
314 591
341 485
230 566
515 212
182 139
159 495
576 585
523 342
358 252
146 569
419 13
262 278
333 219
272 325
94 413
469 135
330 550
167 289
38 369
212 434
361 55
123 82
211 476
98 494
258 59
425 376
169 171
93 204
487 345
154 253
462 488
316 521
509 458
74 420
203 547
191 353
208 286
227 263
264 556
190 120
39 525
492 216
212 342
567 598
433 431
68 434
504 510
163 587
14 573
202 235
94 348
11 493
557 460
11 599
236 396
489 245
352 371
581 478
588 209
267 176
517 470
137 211
459 306
99 542
333 411
599 559
36 75
318 296
314 253
45 76
389 83
57 461
369 598
260 315
131 493
444 64
138 152
31 87
356 377
174 271
554 64
299 20
317 501
544 245
302 240
68 428
266 198
189 39
103 330
65 254
85 208
414 53
309 154
505 143
22 83
524 540
548 354
367 249
572 413
234 17
368 96
449 303
274 442
334 182
393 499
300 513
311 209
26 130
112 144
129 389
188 184
283 70
42 158
120 105
592 36
18 47
456 367
343 281
436 49
265 435
445 146
30 23
199 552
50 155
429 107
217 596
311 122
418 513
424 50
97 66
152 298
395 535
453 571
220 257
72 123
205 328
352 201
583 175
233 216
360 188
372 222
89 286
316 464
574 227
380 261
329 156
131 62
315 350
541 214
505 595
329 81
58 17
57 530
469 177
13 471
444 119
57 370
180 308
239 443
89 543
27 298
366 73
61 442
263 452
503 319
283 573
397 504
575 211
98 118
484 96
109 238
587 103
244 85
32 278
137 278
478 250
425 478
392 224
343 443
584 187
582 144
433 578
298 150
343 443
24 352
214 451
444 422
14 580
301 139
383 477
277 8
78 588
549 591
91 10
403 100
577 301
171 122
460 180
209 251
197 331
38 48
23 402
426 436
270 512
405 451
275 263
443 340
63 31
407 103
426 92
102 28
256 463
582 450
496 11
178 558
192 459
500 550
143 591
437 32
467 328
208 432
92 534
392 579
464 449
198 155
512 508
332 158
18 407
469 193
263 493
410 262
536 72
368 426
556 4
16 449
516 305
371 411
181 93
552 403
322 284
397 248
325 114
436 9
471 495
1 511
377 569
129 81
573 231
518 432
325 159
112 455
489 266
313 189
128 274
298 525
487 91
424 144
35 408
438 76
339 455
551 133
372 77
16 70
462 421
575 476
302 439
213 12
56 91
87 516
105 62
472 365
151 149
71 490
413 506
359 505
481 248
134 473
193 419
184 548
228 225
114 427
548 575
62 53
295 123
442 210
296 27
209 226
516 221
269 440
11 320
588 371
348 344
240 139
354 483
203 335
350 511
258 48
572 437
494 528
291 514
223 354
182 562
42 281
569 507
565 326
196 467
455 420
501 574
362 537
526 310
570 140
121 235
190 119
212 394
72 275
209 162
394 490
381 265
259 426
472 574
346 596
202 586
200 90
377 527
299 548
583 518
53 282
171 533
284 165
483 139
101 9
400 148
270 412
15 583
80 89
226 370
476 6
372 359
21 328
561 300
481 495
212 476
396 137
382 170
513 105
572 433
13 425
90 170
183 416
332 554
548 41
185 422
592 553
499 21
191 466
37 412
322 520
402 592
441 492
402 510
552 233
235 207
350 524
369 380
506 591
147 358
191 6
392 235
122 560
296 319
411 11
102 315
56 386
580 15
229 485
565 27
444 506
589 581
127 78
336 326
244 555
315 564
195 176
583 592
338 146
429 120
191 130
189 384
393 402
186 265
48 72
72 149
558 454
484 355
127 128
59 326
570 286
67 76
425 149
242 52
169 108
405 325
591 560
173 407
51 291
576 392
146 580
417 167
297 443
501 550
462 460
511 209
516 325
322 459
513 535
310 286
441 417
120 210
564 45
139 297
92 455
120 279
367 289
561 573
292 2
273 159
581 283
31 240
495 482
5 371
193 373
349 343
480 16
101 579
543 481
450 110
274 479
399 117
387 544
381 314
395 387
548 588
280 195
174 55
551 353
18 242
89 133
454 312
131 167
460 104
542 587
515 188
306 403
436 313
266 376
447 594
569 509
122 220
16 172
232 382
28 388
153 141
114 335
20 563
264 66
572 52
98 60
479 421
13 290
285 109
250 61
127 409
34 21
165 135
277 245
107 235
371 452
279 417
412 119
480 276
141 591
169 308
537 241
169 220
383 64
197 213
14 396
181 254
597 422
474 336
550 146
269 422
272 491
289 427
516 144
335 105
276 494
489 542
163 331
298 211
357 72
378 565
442 285
430 439
65 16
256 114
430 52
32 372
405 16
124 324
487 83
175 497
75 507
65 296
486 380
364 280
404 178
172 294
428 386
271 152
104 362
118 194
231 53
21 136
465 394
112 409
465 458
35 200
410 159
519 379
346 599
451 85
401 286
173 173
431 155
463 18
166 489
258 446
39 375
369 329
271 198
259 523
72 394
351 133
264 454
257 508
253 42
9 219
588 39
234 569
328 13
409 391
418 286
595 253
398 597
378 63
390 426
111 181
431 98
181 426
131 93
121 280
594 87
161 255
123 336
338 94
536 499
100 588
84 588
393 209
99 294
101 152
511 555
381 386
380 583
497 265
331 372
143 310
377 65
278 248
191 485
275 80
473 405
307 98
479 439
486 227
38 356
446 229
587 90
393 431
583 216
508 196
220 325
148 437
62 167
328 160
59 349
177 562
425 316
328 598
452 357
315 454
262 139
135 336
139 136
287 98
533 503
251 454
360 5
396 523
398 499
396 218
443 573
27 516
405 529
270 155
593 148
512 33
337 290
468 69
138 442
460 179
106 573
434 214
321 205
249 492
160 48
95 501
33 597
86 412
105 111
138 448
139 597
414 164
294 406
87 386
533 62
317 578
411 26
22 223
98 70
269 488
10 466
547 49
309 190
143 85
310 376
337 461
295 599
286 364
533 478
40 420
120 529
434 250
171 35
294 25
191 410
466 365
66 288
380 552
92 227
464 560
481 483
536 222
406 503
30 490
291 485
163 62
165 507
432 314
21 582
482 398
456 387
371 136
90 318
276 283
476 24
325 147
99 159
375 360
268 359
120 211
352 251
78 75
486 551
65 157
248 8
505 118
299 418
258 386
391 324
93 483
89 304
590 92
117 8
553 158
190 165
318 275
352 505
404 13
502 552
515 319
24 355
339 48
471 530
1 123
596 253
210 146
358 561
583 43
162 201
561 208
563 57
461 482
18 571
50 399
507 401
223 145
561 571
359 130
363 283
470 299
360 270
31 47
595 230
506 166
487 41
288 76
452 506
469 244
580 523
505 351
118 50
544 147
552 31
10 451
112 173
459 115
470 2
16 88
440 395
528 192
277 362
582 424
282 308
58 530
219 531
68 179
380 466
583 3
22 91
167 396
24 67
110 127
339 318
199 534
243 168
528 334
460 337
583 441
372 308
85 497
578 284
105 355
97 151
311 524
236 141
109 89
90 135
82 597
246 495
461 253
166 512
425 388
195 585
327 120
398 373
491 425
502 543
236 289
236 537
311 100
589 432
180 34
461 157
458 129
16 416
232 317
517 156
327 46
518 106
80 389
423 314
560 564
195 530
411 172
466 315
325 352
38 423
52 60
186 374
204 311
445 116
160 100
375 188
268 246
194 351
373 259
111 174
113 469
538 562
466 355
535 96
260 27
501 524
235 490
537 82
227 78
38 77
348 371
591 160
292 455
154 271
149 234
34 424
57 496
569 23
456 299
573 38
454 497
545 403
148 144
55 376
378 466
139 545
208 524
307 15
128 45
597 89
478 256
75 141
421 443
19 121
233 488
9 253
326 492
419 269
274 537
531 580
90 145
189 433
309 563
383 232
102 242
557 89
594 298
254 305
371 477
344 108
37 514
116 33
507 568
69 157
536 172
159 181
134 181
258 522
63 318
409 583
266 502
164 339
595 532
438 347
568 259
117 95
364 598
117 60
526 417
101 106
406 362
153 403
443 111
258 324
363 164
68 256
224 147
341 481
149 151
14 507
432 176
163 55
457 32
220 147
109 295
501 501
69 62
104 138
345 408
389 279
89 157
85 72
582 116
578 50
256 467
335 318
339 310
312 540
2 446
196 139
370 99
270 83
284 424
134 347
170 111
254 525
166 44
77 37
149 363
11 421
590 320
193 397
171 154
573 453
31 357
487 399
568 8
19 492
186 596
247 590
334 140
138 349
584 166
215 531
77 560
203 360
542 515
574 114
344 300
586 250
116 174
118 82
294 595
435 75
419 523
29 228
220 93
576 437
337 123
423 124
177 304
355 566
272 220
517 527
39 422
331 121
54 588
246 58
398 356
558 205
149 293
177 194
146 544
32 325
138 348
355 65
454 495
364 486
249 470
264 516
265 309
406 521
449 183
581 432
188 187
350 488
67 55
546 297
482 70
494 116
183 437
76 392
14 98
264 551
312 59
68 45
376 321
99 190
478 163
146 494
11 378
239 334
405 477
202 11
386 110
402 230
136 497
452 21
233 284
492 525
495 136
158 377
56 362
552 459
546 545
487 437
27 449
72 253
310 207
361 180
139 589
100 502
508 4
140 553
567 507
105 525
361 491
495 402
60 347
14 598
301 41
325 24
491 123
127 553
544 400
92 510
187 10
458 448
309 346
240 54
463 215
554 553
81 319
264 185
424 164
124 555
38 102
502 178
33 137
592 54
45 423
576 203
495 387
507 409
93 129
45 278
194 136
308 511
96 231
242 225
475 341
88 94
57 556
53 526
160 126
490 135
257 267
565 104
356 344
195 109
261 248
562 381
493 507
485 271
24 230
87 442
347 550
320 158
351 129
467 343
572 70
288 434
464 397
30 440
58 335
306 122
466 178
495 24
443 501
595 79
353 544
599 455
399 473
13 542
28 426
469 364
269 495
412 63
97 206
244 442
505 205
376 313
581 444
315 492
97 369
229 379
287 574
475 308
293 241
351 595
179 457
170 349
424 345
262 61
527 175
99 277
347 413
83 379
91 294
484 285
441 157
149 311
337 328
119 116
586 261
120 554
54 7
379 275
77 469
342 235
360 218
273 199
206 271
419 414
361 529
362 296
302 198
181 72
134 535
443 325
550 225
31 193
271 19
252 455
341 170
543 467
179 327
584 246
379 405
85 142
484 279
420 595
90 399
278 445
547 152
64 68
246 516
425 168
593 272
106 332
243 126
511 441
228 17
420 185
103 473
303 98
56 127
139 312
293 408
543 546
581 14
14 338
565 515
567 593
21 431
345 391
520 385
223 540
117 458
250 463
408 120
282 457
547 8
75 276
574 565
422 20
190 22
438 245
19 488
426 18
6 95
548 473
428 423
114 549
97 197
176 419
490 468
327 386
322 421
217 532
514 146
217 495
427 286
449 126
212 580
397 78
160 263
5 73
39 270
570 71
370 199
596 413
303 151
41 507
112 442
176 156
561 441
477 528
547 441
509 70
27 464
407 570
121 426
177 176
226 118
37 269
555 146
94 384
537 517
493 575
269 561
567 146
157 123
200 115
207 574
553 229
445 6
236 282
160 370
312 555
436 154
596 472
59 44
227 132
357 63
369 91
470 460
537 262
494 402
450 489
58 212
434 125
209 469
509 573
497 20
599 48
60 133
64 275
597 216
564 67
347 416
547 282
216 294
532 346
192 297
122 235
141 326
448 66
457 362
206 76
378 352
224 46
324 595
503 442
41 32
5 213
247 354
337 511
516 296
580 83
501 427
335 30
366 43
317 447
204 367
66 32
130 99
398 399
59 127
345 78
148 424
376 250
280 487
217 346
283 293
340 179
79 441
29 444
553 539
542 29
445 194
64 206
294 492
173 453
576 267
58 483
14 381
70 103
368 446
64 36
349 12
511 557
483 201
99 32
360 279
37 173
596 558
377 195
185 352
228 251
69 77
109 8
482 507
60 390
168 550
66 368
507 488
333 378
94 322
107 168
52 503
283 260
469 278
4 100
314 571
189 534
233 87
288 84
282 159
257 104
151 399
350 276
524 571
57 433
431 37
67 491
259 383
293 514
438 15
230 13
188 474
237 485
490 574
453 348
345 176
171 599
271 173
508 491
472 519
505 8
327 31
584 8
165 429
188 121
568 531
35 118
358 317
372 592
538 281
594 170
588 121
203 38
369 121
450 328
78 129
391 137
50 562
445 479
507 294
443 451
309 192
521 540
444 518
399 161
184 105
460 556
31 91
279 596
443 164
439 451
159 583
585 394
597 430
519 223
170 468
10 570
42 372
336 159
9 65
171 590
410 98
276 247
433 394
257 365
129 291
49 474
530 77
52 186
72 320
246 365
481 583
256 11
413 264
151 328
190 421
588 395
412 443
340 8
205 208
33 107
44 243
526 488
49 250
544 88
39 207
598 365
341 205
450 158
329 326
252 106
356 354
382 384
590 49
197 504
336 74
243 519
42 50
37 568
589 486
512 319
488 429
558 399
345 456
256 483
339 174
217 358
89 480
441 74
549 433
497 277
180 563
281 240
574 247
43 477
21 144
224 460
173 221
520 471
397 396
228 526
560 182
150 330
365 510
326 183
417 311
363 317
20 442
465 473
452 406
142 555
323 475
125 117
150 85
435 343
230 563
585 356
199 436
317 292
425 82
452 8
522 19
380 262
455 145
59 533
402 464
82 340
317 67
128 38
575 467
110 90
82 273
207 374
124 264
57 485
536 251
448 389
379 300
85 325
345 376
113 29
508 137
271 132
467 170
211 565
38 192
171 77
278 26
475 101
154 73
530 214
177 599
315 32
47 220
2 500
13 382
334 569
24 270
234 49
92 197
41 91
8 539
270 352
328 7
460 553
145 498
594 175
2 386
348 174
398 24
240 489
547 1
104 84
23 9
556 45
593 433
45 278
144 439
177 74
51 544
378 483
163 417
445 310
58 435
90 20
118 127
88 114
24 353
93 454
201 553
432 483
522 349
232 371
262 337
31 90
571 574
79 177
595 13
498 86
571 198
449 9
410 412
37 428
484 42
523 325
558 76
73 200
50 462
388 208
442 480
433 447
147 179
124 373
343 598
569 41
468 513
209 146
154 251
524 524
70 91
396 455
409 226
513 557
575 594
50 569
553 457
80 24
93 150
236 86
269 416
124 135
328 323
591 447
514 295
257 514
315 264
157 286
102 576
52 311
221 215
172 134
490 40
238 418
230 85
580 563
39 578
516 194
244 560
332 305
367 581
392 138
70 114
444 215
236 517
451 178
578 101
94 588
262 110
172 597
205 597
346 499
284 328
99 495
553 223
371 595
48 470
286 281
62 108
267 527
428 55
66 456
28 544
94 298
476 468
206 61
591 507
71 310
546 317
561 17
437 531
46 39
451 594
452 571
216 344
304 161
537 164
3 517
343 177
433 229
217 108
418 175
383 358
214 180
299 151
238 542
505 495
309 152
475 565
534 436
86 79
68 86
391 13
318 62
174 444
172 166
380 63
300 18
167 247
274 285
472 421
368 247
224 35
240 381
205 147
165 530
341 95
13 499
407 537
67 468
494 236
99 368
26 66
124 18
60 298
175 510
192 479
402 132
20 17
84 503
467 523
501 171
127 546
553 88
426 153
592 192
238 564
407 192
499 38
376 571
340 195
192 152
351 327
222 32
107 94
247 346
501 164
461 431
156 50
394 248
159 339
44 372
277 211
467 295
166 258
516 333
420 526
128 363
350 448
63 18
232 87
384 490
94 438
193 318
484 333
450 364
582 387
486 366
324 322
309 512
379 210
309 196
303 198
94 47
552 314
243 128
238 435
174 504
43 491
224 307
591 267
95 339
159 132
163 480
359 207
91 90
183 82
599 483
66 203
394 289
513 505
356 208
341 88
401 391
176 7
275 190
528 208
523 378
380 487
348 98
416 196
14 21
448 380
46 169
444 368
498 542
301 531
455 478
224 319
392 183
9 220
358 321
590 219
25 309
452 560
334 390
526 48
43 280
426 340
518 145
23 39
346 396
326 538
120 385
457 196
448 209
157 198
574 110
306 66
528 418
254 79
216 50
176 381
217 535
562 400
445 98
159 78
473 220
587 522
63 542
80 551
311 211
253 254
32 242
45 461
120 331
256 168
230 471
530 233
245 360
302 75
576 96
46 4
250 256
163 554
389 398
373 540
528 229
434 258
413 395
321 562
187 195
270 339
102 56
381 386
357 492
293 167
576 476
470 349
278 191
101 10
506 382
92 506
459 85
306 333
305 215
461 314
20 387
586 308
527 461
189 20
13 81
64 598
351 506
259 468
160 589
42 276
376 529
181 459
481 140
418 209
126 241
554 517
365 22
16 547
202 319
205 349
182 159
541 527
48 84
186 64
528 430
160 512
300 417
51 579
260 346
487 165
580 195
260 573
198 32
149 99
32 544
539 532
204 274
516 137
303 281
494 313
361 106
298 237
245 166
512 48
87 173
506 106
526 26
221 439
220 598
275 294
355 140
346 221
230 129
232 22
368 534
343 438
381 107
490 506
358 114
307 252
395 276
222 61
278 202
361 527
399 55
97 544
217 85
107 512
82 216
414 290
103 338
99 337
578 141
81 91
191 481
280 535
510 574
277 347
35 161
99 533
149 544
466 74
33 386
240 594
318 271
364 484
446 165
579 538
551 328
411 435
322 182
303 550
188 155
2 496
345 48
405 584
408 257
235 208
285 554
284 473
274 27
377 213
598 533
233 486
333 308
412 283
558 510
579 255
237 432
475 271
392 137
156 470
199 282
155 139
437 379
88 593
498 176
245 584
271 557
223 413
578 410
216 362
76 69
553 531
410 572
232 131
368 326
535 177
260 155
74 273
105 187
125 418
316 160
195 76
598 4
464 430
30 71
149 231
133 101
63 82
2 107
446 463
577 303
295 494
228 457
530 598
355 136
9 408
558 518
198 588
596 183
512 506
286 83
172 276
536 386
114 348
410 353
65 372
52 459
186 242
20 465
277 243
305 374
172 211
250 27
326 534
571 525
95 487
241 198
596 274
126 84
452 200
251 299
309 525
6 149
82 576
349 2
269 80
453 438
172 41
33 335
358 303
452 464
572 557
226 192
212 111
476 200
425 93
185 61
266 235
355 159
526 142
568 263
30 553
460 168
178 485
210 256
64 181
352 57
328 57
170 54
401 24
405 70
301 14
313 113
482 289
156 406
408 1
222 593
211 249
505 67
288 74
216 135
304 283
72 213
514 73
51 190
134 382
143 92
29 529
59 312
217 221
68 304
405 354
212 184
170 383
78 295
378 460
254 160
515 394
121 376
163 120
212 476
546 162
278 469
161 358
575 416
59 586
37 463
592 7
172 283
27 156
150 527
259 237
528 231
264 331
250 74
122 576
498 481
237 199
598 284
291 253
145 377
372 399
72 77
285 536
555 520
73 49
400 403
166 476
402 568
385 179
117 386
9 588
443 105
562 387
91 182
267 209
353 596
130 302
126 82
414 599
332 423
519 139
91 30
391 222
230 272
252 383
135 530
197 76
205 309
408 493
369 486
454 155
374 21
475 530
358 440
106 172
231 430
371 201
252 222
88 500
177 549
396 136
548 34
101 127
173 235
257 483
156 448
467 519
266 57
574 569
425 488
212 2
328 595
505 316
440 95
191 355
234 487
193 526
38 523
474 218
76 24
343 252
279 344
289 410
142 424
180 371
375 66
327 16
81 395
164 403
587 330
583 34
360 20
43 581
522 384
218 7
136 459
156 253
400 18
81 139
516 241
595 475
156 205
315 333
511 278
512 441
287 490
595 82
377 338
101 521
52 233
443 133
3 418
279 509
219 438
571 559
527 559
548 155
276 290
430 373
539 153
424 68
493 144
138 311
159 166
558 265
452 12
582 444
153 97
125 60
317 182
522 494
6 437
230 81
579 493
23 5
137 421
216 371
485 305
528 446
131 502
81 204
484 467
348 146
66 347
451 309
557 245
42 124
538 593
181 94
285 228
328 83
103 200
451 196
52 503
557 15
336 102
490 312
427 161
346 281
141 483
502 176
593 420
104 121
33 301
481 91
444 336
253 79
466 521
190 147
547 98
40 71
374 464
572 494
512 479
40 15
356 575
350 222
210 224
173 45
519 6
502 167
511 562
201 272
491 256
291 378
229 161
231 227
503 451
170 388
404 102
213 116
534 23
68 8
333 283
343 92
500 508
52 69
191 515
578 415
522 357
455 515
81 553
545 120
234 43
526 584
488 174
372 287
294 439
337 134
481 592
539 499
301 443
277 584
33 106
348 548
302 564
515 191
391 139
293 374
34 386
530 17
520 159
375 439
448 434
329 313
46 382
242 180
295 542
402 315
565 166
496 97
348 207
482 224
481 143
428 118
330 484
239 518
163 333
486 527
525 11
150 562
259 361
6 283
374 112
148 588
221 518
538 64
52 208
484 406
181 148
281 98
388 267
41 353
515 452
460 474
455 397
220 262
177 330
342 44
193 189
63 195
314 305
362 518
190 60
380 399
334 82
78 128
143 52
135 579
382 297
508 14
39 593
512 508
3 50
579 194
192 316
591 335
235 294
42 12
520 25
336 501
74 417
447 411
73 289
121 356
449 589
197 117
79 304
204 102
157 318
426 106
65 106
109 163
475 471
498 450
255 483
553 345
490 132
459 482
588 441
43 452
502 76
74 309
71 150
313 127
197 321
15 406
400 567
339 255
73 500
113 108
289 415
130 428
109 265
62 132
395 71
163 32
455 580
291 312
231 208
132 146
476 585
89 23
154 154
108 307
540 371
351 247
198 232
533 94
220 539
379 423
153 37
395 579
404 8
343 9
594 300
2 399
30 70
230 282
25 446
83 259
314 270
136 273
93 129
319 196
526 246
490 487
451 130
34 269
175 147
523 286
343 138
557 94
279 306
497 525
303 150
239 580
241 139
346 329
32 12
9 437
119 502
266 256
537 254
554 400
222 126
474 522
372 251
186 571
520 207
523 383
553 287
41 149
11 354
445 153
220 209
556 6
60 218
463 456
115 438
388 394
143 405
48 519
484 67
323 177
19 135
165 558
510 386
503 37
75 254
108 565
98 70
86 337
239 520
290 349
202 332
173 229
213 268
467 570
441 442
125 50
425 310
539 375
159 176
207 30
163 596
427 206
273 594
302 75
550 75
361 49
47 255
199 515
522 491
365 21
592 226
438 113
46 254
487 355
394 68
469 529
218 224
561 88
454 372
309 204
103 224
395 158
341 523
238 599
14 558
463 531
303 411
14 163
202 544
114 245
369 566
173 452
412 469
330 404
47 86
249 433
101 147
248 165
206 261
264 306
30 569
180 224
495 441
417 484
143 178
561 139
58 409
527 524
424 123
143 371
1 218
11 359
106 350
548 487
87 430
165 326
273 335
496 178
78 139
506 432
65 56
415 392
72 229
505 547
256 483
173 337
83 420
280 53
146 363
242 584
428 371
513 524
464 119
486 179
192 207
326 524
54 137
137 598
593 364
61 544
94 97
550 507
117 391
308 522
349 114
522 214
194 350
317 147
342 102
550 65
362 384
94 506
501 335
503 91
382 558
68 274
292 162
507 156
429 79
162 453
238 342
394 414
139 542
553 379
440 321
318 437
267 197
184 98
19 289
267 102
476 373
569 499
226 438
519 143
128 223
80 193
70 355
323 345
526 391
521 64
534 40
487 528
260 19
103 184
449 113
208 140
495 499
243 154
182 444
550 500
195 567
188 126
408 553
382 134
592 10
555 181
426 44
242 342
400 142
175 23
132 237
61 61
95 359
57 266
468 199
436 236
106 376
428 430
595 355
262 273
175 193
220 257
129 284
328 489
93 138
426 275
49 94
596 235
522 61
27 100
529 203
188 229
329 516
444 540
557 299
198 391
385 357
81 66
326 395
220 373
485 503
67 400
9 591
313 474
241 365
225 406
258 332
166 14
465 441
558 469
217 136
138 573
594 406
406 459
247 338
303 34
473 123
405 408
593 1
168 155
436 134
403 286
48 49
337 128
517 278
527 327
70 303
538 504
498 325
141 491
281 535
557 206
592 16
546 31
79 135
28 357
6 80
342 402
121 206
429 370
421 472
560 543
316 46
