641 2986
1241 4462
2721 4662
1938 4935
1103 4413
685 3617
1052 4282
503 4746
902 3839
2122 4728
2310 4523
521 2716
1608 4852
153 4551
1691 4772
406 4406
729 4734
768 3506
3360 4933
475 3954
1654 4369
1713 4232
85 3652
1392 4513
978 3909
31 1588
3406 4949
1599 4889
2727 4722
1417 4880
3561 4979
159 1802
1079 4756
388 2445
1794 4393
717 4839
1148 3659
442 2547
2365 4704
923 4929
717 3236
742 3492
97 1341
1996 4728
1125 4713
74 1159
891 4400
2797 4674
340 4817
110 1363
1175 4522
232 4009
2186 4468
2137 4463
433 4289
2926 4732
395 3040
808 4693
2187 4634
171 2127
35 806
1729 4193
69 3619
935 4344
3699 4917
1361 4876
2283 4489
200 4784
637 2952
48 2093
1938 4498
3010 4755
3312 4869
12 2583
618 2920
3721 4924
1510 4657
4398 4999
1708 4429
2690 4762
268 4402
2231 4462
2717 4720
2287 4516
1464 4236
258 2023
423 3634
918 4016
14 516
4157 4961
1977 4301
290 3588
2528 4598
39 1332
3099 4773
1503 4164
428 2969
2438 4562
113 3539
540 4395
823 3642
195 1709
1273 4290
1910 4833
38 2693
3871 4963
318 2684
837 4123
450 2615
1509 4007
181 1679
562 3209
935 4231
2418 4601
341 2337
2053 4566
1990 4820
683 3250
591 3628
664 3432
732 3114
1131 4299
1434 4812
153 2593
1347 4280
160 2155
1334 3908
197 2002
1344 4441
1945 4311
183 2683
105 1551
650 2946
1200 4338
1275 3952
3737 4955
552 3869
2328 4506
2696 4682
96 1296
95 1598
219 2048
580 4066
1969 4990
103 4331
3335 4808
2267 4475
10 460
628 3055
1777 4367
3619 4891
2989 4875
1580 4741
2389 4551
440 4747
3812 4927
231 2329
584 3616
3302 4809
1462 4683
717 4436
3149 4796
1857 4273
1084 3571
1778 4275
2855 4765
530 4696
3348 4833
50 2646
40 4252
885 4188
2683 4653
737 3120
624 2932
1631 4417
751 4540
691 4779
62 1195
1420 4888
1223 3805
973 3480
586 2877
387 2374
1822 4547
1009 3907
4064 4956
2558 4611
101 1685
216 3264
1555 4162
1936 4288
2807 4754
48 3499
231 2553
1655 4096
4034 4943
1173 4167
667 3079
1902 4665
1304 3916
14 628
418 3483
1844 4511
1112 3667
2657 4871
1528 4511
1267 3959
555 3540
285 2405
601 4583
2309 4761
2214 4843
3362 4819
1873 4384
1593 4807
1400 4055
2061 4450
240 2711
1416 3934
744 3220
1923 4344
1592 4493
3001 4756
18 2394
2530 4695
304 4383
186 2684
774 3255
601 4209
535 3198
1140 4314
3676 4894
2039 4788
391 2622
729 4806
2522 4778
3397 4925
499 2639
69 3103
1455 3938
2613 4829
806 3603
193 4250
3095 4896
1679 4339
682 3583
1321 4350
275 2064
983 3465
1129 3662
77 3244
1584 4172
3 1536
1445 4342
1875 4277
2365 4750
4018 4957
287 4784
1468 4085
930 3389
1132 4673
211 2261
522 3574
42 2711
18 581
2464 4587
3218 4931
476 2618
1282 4603
580 2859
916 3378
1853 4823
3711 4908
2 299
1705 4899
694 4579
809 4079
2841 4925
447 3058
53 3664
1405 4367
3897 4955
1202 3740
161 1690
790 3258
82 1197
120 3283
469 3481
397 4906
598 4314
89 2359
1705 4899
3445 4833
149 4713
150 2190
3524 4947
71 1743
218 3496
2442 4741
526 2713
363 4377
1265 4911
1403 4648
545 4385
836 3474
1319 3830
1855 4349
3316 5000
3399 4825
208 3003
2279 4640
650 3067
1088 4773
298 2220
2208 4494
37 1802
2821 4705
515 2703
106 1495
656 3755
447 4498
795 3644
2417 4962
877 3432
1357 3856
148 2847
116 3036
2114 4980
1721 4673
1912 4989
110 2069
930 3413
721 3101
581 2879
2757 4969
3789 4928
60 3790
2501 4803
1426 4162
1795 4251
532 3630
90 1279
342 2831
433 3445
909 4758
2378 4988
564 3075
120 1507
2721 4673
1816 4231
2677 4694
106 1350
2655 4729
4135 4985
1627 4334
6 877
3705 4940
974 3460
1375 3878
2505 4694
1592 4087
4086 4947
1889 4997
2407 4754
75 3407
1663 4806
1439 4527
2213 4446
73 4656
2550 4612
466 2787
48 2611
818 3403
1389 4610
121 1409
4018 4957
951 3543
203 3966
2143 4615
470 2635
1879 4507
1565 4045
992 3670
1051 3935
159 3534
152 1608
4216 4966
1227 3778
612 3554
1161 3680
3786 4978
544 4149
1330 4207
1933 4819
66 4340
91 2101
184 1695
2862 4901
1089 3606
621 2940
1710 4133
374 3267
249 1931
631 4475
1788 4584
2647 4641
1788 4908
1326 4563
62 1065
1324 4355
101 4842
851 4032
2632 4681
713 3028
333 4112
504 4829
1094 3615
2509 4594
3307 4924
2696 4748
156 1707
163 1908
1203 4737
1153 3669
50 918
1465 3960
945 3639
644 3270
1982 4303
3500 4990
2200 4679
6 853
1067 4456
1883 4414
134 2235
2355 4853
83 1379
587 3840
3756 4971
165 4253
11 1483
432 3111
2775 4927
3532 4883
132 2390
627 4024
1289 4903
2856 4734
1382 3912
2333 4530
1580 4752
722 4662
826 4728
2027 4418
2085 4599
2682 4643
135 1814
2167 4736
4 336
1767 4433
1250 4538
661 3189
11 3082
1721 4708
290 2084
1604 4161
554 3770
3298 4818
146 2861
1047 4699
320 2360
987 3677
348 2605
2552 4612
928 3911
684 3290
139 1776
266 3530
970 3808
3763 4928
1222 3783
740 4126
886 3345
2195 4437
704 3471
512 2726
554 2796
12 1145
2435 4560
103 1691
636 3715
3236 4788
2180 4543
1183 4293
4669 4996
140 1750
2405 4718
3339 4972
2103 4721
1062 3541
679 3818
281 2017
2 419
1152 4688
3130 4761
1181 5000
1125 3811
1031 4035
378 4246
204 4250
1025 3599
2098 4555
1115 4480
1547 4453
8 656
178 1733
1773 4244
2180 4494
2492 4808
742 4960
2882 4803
921 3619
274 2591
294 3783
1585 4224
953 3923
1982 4554
1146 3650
147 2454
3039 4963
3598 4925
1831 4274
914 3372
927 3393
336 2187
3223 4785
2706 4774
1827 4485
37 1357
1096 4054
1529 4418
9 423
51 2761
1010 4210
2324 4765
29 1890
1512 4236
126 1929
33 999
2349 4520
615 4191
151 3183
135 2317
1714 4488
877 3887
404 2594
434 3150
2685 4697
4252 4967
375 3410
1198 3780
1234 3790
2581 4791
509 3063
1813 4280
1367 4414
1447 4521
190 2302
2196 4441
939 3546
488 2679
651 4609
2433 4894
66 4467
250 1938
392 4156
1210 4965
106 2923
643 3165
2794 4679
1994 4391
945 4880
1443 3954
737 4903
10 2397
105 3360
1425 3907
794 3283
3948 4950
856 3613
249 2175
1599 4909
180 2324
2636 4806
1209 4215
1539 4915
277 3703
1774 4639
485 4638
300 4817
419 3429
497 2646
1065 4256
2109 4573
1018 3781
27 1368
206 2086
103 3524
67 4477
650 3020
1516 4330
373 2455
253 1944
207 2077
1422 4252
742 4380
559 3978
3435 4965
1264 3777
344 2412
356 2388
712 4531
2298 4520
349 3216
1370 4632
630 3525
263 4673
2739 4855
1631 4250
2301 4669
2489 4741
752 3548
187 4934
628 2988
473 2786
49 3566
2531 4650
1631 4089
2360 4567
661 3004
3127 4860
397 3509
1211 4630
555 4246
4088 4994
3483 4850
817 4752
319 2438
1131 3653
2781 4846
2450 4648
585 3091
372 3947
983 4073
264 2067
1958 4819
1433 4616
4708 4998
154 3503
1442 3939
2454 4602
1902 4322
1038 4482
4734 4999
480 2634
1292 4425
350 3756
1206 4058
3518 4936
339 3489
2538 4656
1432 4825
347 2647
208 1823
3222 4988
4586 4999
1761 4846
860 4674
826 4726
3357 4977
1226 4345
315 2753
79 1676
1264 3811
228 2391
4322 4976
1333 4490
802 3967
32 2989
1154 3740
1383 3953
972 3444
105 1457
84 1189
274 2361
454 4932
393 2613
627 4811
424 2977
145 2407
150 4796
664 4106
788 3988
28 1385
424 2502
998 3835
2509 4858
4 924
88 1677
2298 4728
512 3807
2220 4809
916 3627
2313 4498
249 2959
3489 4920
126 4635
545 2848
226 4283
525 4233
3737 4899
1644 4793
1230 3796
624 3126
3147 4765
63 1872
773 3537
460 2571
2278 4528
1544 4030
667 4716
150 1612
359 4152
147 1636
689 3165
224 1864
1666 4271
3141 4804
854 3963
4119 4952
1253 4816
2838 4874
2368 4536
3456 4857
356 2975
1899 4446
1299 4119
4150 4957
2469 4643
2708 4705
2075 4941
1446 4179
261 2017
679 3141
148 1774
2083 4916
810 3865
1448 4844
2502 4593
78 1332
730 3106
416 2830
161 1658
3007 4824
378 3231
1709 4157
335 3349
278 2856
1449 4987
112 1494
1570 4211
663 3551
1912 4546
301 2067
760 3270
1247 4854
389 3874
2898 4919
187 4036
1020 4149
298 2840
295 2562
1177 4303
107 1357
2929 4702
978 3461
334 2382
2731 4748
1554 4597
576 3125
521 3807
2601 4684
1016 3916
1441 4001
1248 3798
1220 4177
210 2489
904 3550
2074 4415
1248 4182
2389 4663
795 4852
1583 4228
32 1489
964 4958
1173 3737
426 3416
1055 3758
80 3977
1247 3769
1785 4287
1535 4066
737 3144
282 4138
572 3613
253 2019
88 2640
2773 4723
1215 4137
3945 4930
1514 4281
2063 4495
2689 4741
384 2573
470 4574
1220 4974
2506 4737
2804 4679
1636 4466
505 3452
1886 4280
2071 4781
3783 4899
854 4719
1024 3991
137 4077
1598 4109
307 3040
1311 4339
2095 4929
1348 3885
725 4473
657 3211
1506 4096
213 2253
856 3541
130 1857
1553 4364
77 1155
1154 4183
341 2745
444 2595
669 3031
736 3524
797 3178
1050 4221
149 4729
1111 3874
74 1136
896 4098
788 3355
734 3710
1258 4642
1842 4235
204 2713
817 4893
424 2490
139 3103
786 3181
4857 5000
1698 4443
374 2346
1737 4587
1864 4556
176 1605
1215 3794
3954 4950
340 3342
2724 4674
1471 3958
1795 4874
498 3029
222 2924
469 3022
1413 3934
1829 4754
2285 4757
3321 4941
1032 3523
659 2986
4089 4963
476 2645
3422 4916
1441 4542
1601 4529
1365 3898
2358 4719
639 2918
4379 4986
85 2058
141 1843
3577 4895
3399 4954
2542 4727
1260 3933
2048 4552
345 3676
442 2994
788 3790
81 4476
523 2711
2198 4488
627 2990
206 4212
1814 4454
1953 4345
28 1313
1849 4261
756 3302
255 2906
2727 4665
746 4085
1516 4545
236 2288
908 3428
407 2604
2389 4915
57 1913
1364 3896
1250 4753
1039 4163
51 3630
1799 4362
1550 4064
669 4995
392 3805
1197 3801
2750 4822
2046 4366
946 4960
746 4451
428 4969
1022 3910
883 3350
276 2031
38 1827
269 1993
1123 3628
932 4960
2651 4661
1610 4205
1357 3891
852 4937
1911 4442
91 4638
2365 4546
474 3071
1081 4034
733 3717
383 2542
1062 4755
2304 4573
788 3637
1347 4986
233 1912
1919 4304
1767 4191
1 133
2646 4779
1032 4980
821 3300
1648 4269
79 1658
22 568
213 3013
345 2492
1416 4700
725 3214
5 4236
242 2304
481 4112
2169 4519
1030 3540
1110 3798
1018 3798
998 4598
568 3029
89 4932
2936 4701
34 1798
367 4505
570 3885
2432 4557
282 3898
935 3453
234 1965
1357 4317
532 3121
3362 4961
325 4169
167 4479
1141 4634
2750 4748
678 4041
71 3270
235 1879
564 3530
911 3422
1800 4255
2881 4951
517 4710
145 4650
1684 4373
232 4893
864 3991
1977 4318
401 2450
2397 4697
1051 3813
1451 4364
182 4601
1993 4329
152 4093
3619 4998
455 3692
949 3773
215 3835
1089 4631
1584 4048
2017 4412
1554 4641
2255 4627
337 3866
1480 3955
3312 4963
469 2751
373 3651
2312 4683
2029 4717
3291 4806
278 3845
662 4024
676 3583
591 4501
2173 4449
195 4179
168 2734
52 975
162 1897
892 3453
711 3270
1819 4730
70 4000
787 3152
1402 4259
1558 4400
1947 4600
106 3964
2533 4984
15 518
558 3285
542 2774
1565 4185
2803 4898
1623 4080
11 2861
371 3540
2656 4678
558 3373
556 3712
811 3376
759 3278
297 4085
64 1286
177 4969
172 2481
410 2415
120 4276
3292 4801
29 1189
929 3999
1303 3943
348 3182
625 3040
2082 4395
392 4741
273 4540
148 1878
1255 3764
1820 4476
3173 4988
2341 4764
2682 4968
187 2410
1375 4486
761 3277
34 4949
1833 4225
482 3555
1 4220
65 1071
3586 4902
2277 4794
1032 3543
90 1863
261 3100
1002 3503
1019 3559
860 4001
92 3224
1473 4184
2809 4878
971 4769
634 2966
250 2097
1048 4409
1027 3587
329 4344
422 2737
11 3627
1934 4364
3534 4868
20 3426
4329 4978
1692 4576
1870 4276
137 2882
66 1432
1128 3704
2791 4997
3641 4884
290 2385
3512 5000
1482 4370
445 3054
668 4283
627 3186
3355 4904
2390 4890
1991 4369
366 2307
3635 4936
1339 3900
150 2382
625 4775
127 3025
185 1686
720 3684
2900 4767
1298 3981
705 3325
1274 3792
37 913
2464 4590
151 1920
2539 4598
2632 4640
3292 4917
1175 3719
555 3816
1999 4810
2630 4725
438 2497
548 3383
453 4530
113 1942
762 3153
1272 4943
424 4245
1 2371
1667 4135
2449 4563
369 2373
3224 4920
2164 4466
555 4759
3801 4907
792 4077
141 3709
1782 4407
1059 4953
3352 4913
658 4019
121 1689
564 4463
2417 4585
1614 4226
565 2944
75 2732
3721 4911
217 3361
622 2934
666 4483
836 3301
628 2936
301 3443
2434 4567
1593 4782
57 4982
2408 4591
58 2440
2317 4849
11 1385
33 1111
2197 4973
1168 3887
140 3464
24 1959
421 3622
4185 4972
858 4801
2458 4570
4552 4999
1340 4660
1141 4850
851 4513
1260 4573
990 4536
956 3458
2101 4973
441 3283
1596 4089
7 1111
700 3841
1759 4217
152 1988
116 4570
26 1541
1252 3758
4497 4997
687 3363
807 3228
1400 4571
1745 4165
2133 4790
838 3476
1003 4253
1285 4358
763 3309
701 3081
825 3978
4487 4992
377 4098
64 1115
496 4055
1406 4305
1102 3633
462 3749
963 4417
2380 4530
1681 4166
3801 4944
790 3177
570 3364
805 3688
1053 4996
2056 4844
407 4141
972 4084
2352 4895
1159 3686
21 1703
333 2314
2103 4391
428 3023
2891 4722
1639 4790
616 4446
251 2305
2636 4765
447 2872
933 3394
859 3565
1176 4915
1731 4158
391 3091
14 1341
611 4301
106 1473
1182 3841
434 3274
956 3586
432 2703
59 1267
560 2833
1657 4133
145 4059
405 3873
142 4560
1950 4400
833 4229
3627 4913
2211 4622
2034 4364
804 3622
113 1550
1382 4632
1011 4086
1933 4372
1233 4194
2990 4725
536 2756
2594 4905
799 3175
472 3064
1356 3976
661 3102
978 3453
426 3916
946 3463
115 4720
102 1436
944 4631
640 3491
1136 4161
31 1543
3151 4938
749 3295
309 2101
4412 4983
352 2519
2021 4386
111 4017
1198 4218
60 1429
181 4587
1777 4199
5 588
2265 4509
2462 4603
1995 4403
709 4357
2393 4658
2439 4586
707 4204
5 4451
305 2146
518 3473
43 1699
1277 4276
621 4599
908 3432
2 344
499 2896
558 3482
2 292
86 3038
797 3515
298 3537
695 3223
4280 5000
1134 3640
173 2298
3996 4971
565 4853
1245 4418
559 3657
1092 3629
1049 4605
318 4196
17 3099
2329 4542
195 1946
342 2210
2231 4481
779 4200
53 3139
3297 4894
160 1654
409 2482
1445 4728
118 4194
4449 4983
283 2669
366 3341
1348 4644
8 399
206 2358
554 3578
2959 4851
1975 4306
1053 3563
1128 3845
17 783
1135 4903
1086 3734
256 1961
3127 4938
1198 3730
667 3025
1147 4879
4549 4999
1245 3999
671 4247
290 3413
486 4287
659 4037
43 1863
302 2720
668 3717
885 3694
468 2571
75 1166
289 3328
766 3658
21 2750
2559 4619
1183 4936
4670 4997
103 3200
676 2987
832 3245
3487 4858
44 1035
1090 3682
138 4189
980 3949
939 3451
619 2886
125 3550
588 3041
267 2775
139 2208
17 2264
3673 4894
973 4005
227 2181
328 3427
2442 4609
3126 4966
989 4215
77 1573
1561 4342
609 2910
2099 4389
2697 4665
3003 4874
2861 4783
1013 4322
273 2357
227 2831
1898 4871
593 2840
275 3600
242 2620
805 3184
20 4547
1521 4566
2568 4636
515 3131
816 3706
351 2260
216 1837
3763 4928
688 4607
5 1919
1024 4640
478 4277
1195 3761
3604 4869
873 3767
1707 4621
1674 4250
1224 3795
407 4458
901 3377
57 4976
2168 4990
50 982
49 1301
642 3197
115 3064
138 3199
1667 4387
1338 4766
682 3119
134 2235
2142 5000
1065 4474
431 3871
1272 3814
636 4863
2446 4707
311 4052
177 3079
1289 4041
1277 3833
1532 4409
86 1208
1112 4286
836 3296
2988 4951
1935 4990
3135 4938
1155 4864
485 2956
1031 3940
347 2859
4383 4999
657 4921
57 966
2681 4746
2544 4984
833 3947
624 3129
2986 4740
1904 4950
974 3841
2783 4811
925 3956
2661 4848
127 2858
1468 3963
2967 4852
1357 3948
2 239
148 2997
409 4258
440 2489
201 1893
731 3133
928 3953
4326 4985
3144 4781
455 2638
2117 4773
242 3584
2559 4990
2024 4960
220 1852
65 1090
586 2848
2818 4926
22 582
4531 4997
729 3315
5 2721
462 4940
870 4297
2 612
268 2807
656 3479
2861 4774
885 4094
420 4012
1530 4469
2560 4775
777 3463
131 2705
2190 4436
239 3512
321 2304
2757 4954
1890 4278
1149 4894
1190 3788
2105 4388
2659 4633
3483 4850
31 2389
717 4093
2666 4740
113 1764
60 3697
2638 4997
447 3554
1176 3803
3844 4999
1039 3619
2626 4849
1156 4192
195 2946
2657 4878
2598 4968
255 2403
2960 4764
1623 4325
318 2900
75 1153
1168 4355
1759 4217
848 4201
1658 4567
1142 4448
1813 4302
284 3540
2752 4667
69 4693
4110 5000
1761 4183
838 3542
855 4256
2325 4934
1 3977
758 3432
766 3158
2121 4392
2462 4894
479 2619
635 3860
75 2462
83 4438
235 2175
485 4620
1629 4353
91 1723
93 1418
161 3592
2109 4529
12 958
1791 4679
2570 4855
1701 4166
437 2547
1426 4128
2280 4506
3658 4910
1195 3805
20 3470
470 2824
50 1683
2707 4801
441 2498
3561 4965
96 1297
174 2526
1907 4259
2189 4469
969 4245
346 3694
2142 4457
869 4036
471 4980
2780 4824
153 4932
187 3059
981 3731
947 3427
1693 4359
244 2544
1295 3860
101 1415
1286 3791
1109 3652
93 1410
3427 4897
66 2062
1048 3951
2340 4547
550 3513
2622 4793
936 4561
2187 4939
1285 4465
1039 3566
353 2748
1610 4116
2418 4553
2346 4583
2305 4935
3234 4936
1537 4019
392 3576
510 2797
1204 3756
1244 4102
2333 4652
6 392
412 4138
80 2458
225 4572
2793 4671
13 622
253 2741
1857 4319
175 2017
937 4114
345 3312
712 3181
31 1229
2597 4629
590 4093
629 2950
576 2991
168 3218
2916 4727
644 3341
246 3013
556 3156
3616 4897
1406 4976
1250 4609
947 3400
440 2782
1635 4217
522 4923
184 2206
2360 4577
4453 4989
1463 4265
1146 3811
951 3938
88 4024
255 1943
4247 4968
523 2754
1758 4216
855 3317
166 2364
3604 4983
896 4041
556 3062
53 1873
602 4923
629 3291
645 3946
81 1837
464 2888
542 3912
3788 4939
2475 4609
377 3746
2214 4469
15 1054
399 2460
16 539
551 3995
3167 4939
9 487
810 3312
4114 4980
2939 4764
71 2775
970 3447
577 4438
34 839
398 4897
1897 4272
1674 4556
496 4466
2571 4678
1415 4010
917 3671
1801 4207
3620 4889
586 4350
3376 4988
521 4103
2808 4826
2562 4612
1827 4215
943 4148
39 861
1702 4257
700 3841
1024 3520
784 4712
2492 4847
636 4015
209 3066
140 3769
142 2206
947 4251
4692 4998
725 3148
1077 4179
350 2788
850 3360
862 4079
123 1410
3131 4944
1014 4348
978 3631
1496 3993
36 1327
238 4514
1027 3743
591 2968
2808 4797
212 4806
946 3797
300 4175
1336 4037
198 4410
728 3059
58 1331
463 3674
5 1117
999 4507
3924 5000
4516 4986
645 3180
1559 4071
1999 4334
431 2524
1984 4369
651 2994
2532 4701
226 2060
1692 4472
981 3554
2708 4769
405 2418
361 3090
3502 4940
1110 3603
2405 4770
2694 4646
3218 4956
510 3835
54 948
168 3025
436 4429
1267 3996
785 4532
100 3817
1964 4548
2836 4760
497 3555
449 2539
1563 4034
408 2757
954 4620
1791 4207
785 3501
79 2912
4046 5000
852 3295
134 4696
1450 4121
1561 4059
2 318
346 2238
1032 3631
3215 4995
1956 4308
247 1930
1306 3870
117 4376
2363 4629
296 2316
455 3073
4159 5000
565 3093
2960 4738
1433 4595
2294 4488
1858 4459
468 2848
456 3849
508 3125
58 1037
613 3592
387 2472
537 3500
717 3197
719 4226
1693 4181
1486 4224
269 2548
1500 3989
740 3531
204 1767
504 4696
2886 4923
401 3035
862 3731
303 3961
197 2880
72 3244
478 3256
2710 4675
221 2056
683 3667
4663 4997
531 3444
826 4355
4477 4991
1629 4090
903 4774
2493 4708
934 3404
181 4941
1435 4095
890 4382
1853 4254
1220 4177
2639 4634
461 4889
511 3035
120 1410
4474 4994
1007 3562
117 1363
377 2402
2882 4961
2199 4878
2505 4586
506 2777
130 3121
568 2831
28 1343
811 3216
1316 3822
1836 4335
3046 4803
2221 4718
50 2754
1328 3883
761 3171
592 3979
505 2714
2 305
1561 4018
1574 4076
2316 4674
3030 4817
798 3457
348 3968
109 1371
2375 4532
1459 4976
2251 4478
3418 4916
62 1205
418 2826
17 917
2770 4864
2257 4587
2708 4669
1096 3633
837 4040
414 2844
906 3360
2565 4688
47 837
1307 3857
175 1835
93 1685
326 4006
587 3526
693 3156
759 3453
1296 3816
386 2676
787 3520
70 1906
188 2194
1621 4928
1531 4738
1795 4183
514 4155
2286 4520
1150 4297
970 3794
2777 4678
517 4085
180 3575
728 3251
383 2465
238 2404
1349 4314
1301 4494
4275 4970
870 4240
1835 4375
2087 4394
1407 4938
739 4217
55 4676
47 3175
316 4737
4427 4990
2420 4559
1519 4081
4036 4944
1017 3576
2489 4587
2126 4634
3282 4976
473 4705
83 1236
1866 4884
1114 3671
2646 4868
3693 4884
483 4843
2186 4852
2894 4868
2621 4646
3591 4877
3469 4940
700 4151
714 3176
44 891
644 4732
45 2804
1338 4580
2278 4953
322 4965
188 2323
489 2680
9 898
826 3217
100 3581
4225 4973
40 2370
2229 4483
1000 4961
769 4889
2463 4930
2393 4771
2023 4364
496 4709
2886 4952
91 2849
66 1117
534 3173
52 1050
2315 4859
50 2629
1234 3895
693 4027
1937 4877
3262 4795
1934 4319
669 3423
79 1605
191 2882
599 3269
281 2819
1280 4496
1110 3699
279 2790
1420 4976
1478 4002
228 2391
760 3192
1020 4847
245 3076
111 2139
2207 4742
678 3412
541 4818
4749 5000
1572 4256
3850 4964
1933 4599
1629 4510
691 3389
394 2709
2214 4941
406 4255
65 2621
1900 4378
989 3672
643 2960
197 3197
36 1772
420 3578
1704 4186
1594 4383
288 2144
501 3911
2811 4932
974 3449
1509 4042
79 1307
3453 4833
22 1571
2431 4623
948 3977
1124 4481
2291 4641
2244 4777
2368 4536
1698 4147
2282 4562
325 2248
368 3066
932 3927
108 1993
2764 4969
1533 4097
677 3208
307 2405
896 3884
1415 4749
2101 4787
947 3748
1470 4627
4241 4980
1142 3664
1803 4334
3 359
657 3491
1498 4241
1310 4179
3684 4901
2606 4636
2511 4610
464 2757
1129 4118
1007 4060
1391 4549
130 1505
177 3585
1895 4714
1015 3829
1210 3756
924 3582
2901 4997
153 1864
473 3737
261 3248
1410 4045
845 3541
880 3837
101 3223
243 3526
176 2160
1535 4818
1614 4969
1168 4455
664 3032
1007 3994
766 3169
174 2758
1049 4219
2295 4501
1972 4326
548 2760
1306 3843
256 4629
76 1200
1325 3853
7 1667
991 4256
4569 4990
2178 4807
857 3725
613 2911
1035 3980
286 3729
78 1849
956 3704
593 4426
3303 4935
1160 3732
197 1734
3294 4894
538 2764
1486 4792
471 2603
1437 3933
429 3791
809 3260
377 3691
1819 4208
2824 4780
592 4529
3149 4961
1293 4974
1242 3757
1189 3711
2700 4904
1828 4989
59 4705
1195 3976
616 2916
1355 3861
282 2220
614 4310
569 3988
234 4001
495 2654
280 3386
1263 3789
2291 4984
954 3916
70 1149
639 4192
1762 4587
1227 3745
719 4237
1320 4205
1303 3911
406 4423
2974 4997
4552 4999
724 3205
16 575
4800 5000
729 3272
1064 4324
3667 4874
1769 4197
1009 4689
3935 5000
1 3203
11 2936
1245 4418
3 989
2077 4929
992 3514
173 2126
842 4674
2557 4600
75 2091
981 3478
1407 4062
911 3348
1166 3716
1366 4441
2063 4633
12 2186
471 3653
99 4271
854 3338
307 4061
1394 3984
1368 4113
192 1929
2183 4917
620 3360
1387 5000
480 3763
2251 4555
2058 4519
1413 3943
605 2991
1564 4027
3272 4923
104 2606
28 1135
10 629
221 2982
1024 4608
1498 4717
2974 4898
749 3252
368 4148
595 3871
280 2022
349 3802
1748 4936
1931 4916
1549 4677
966 4430
544 2968
1096 4047
1732 4429
636 3017
1529 4087
1693 4357
800 3397
647 4528
1 1814
47 3823
151 1876
73 2057
1723 4279
1531 4071
384 2733
874 4041
812 3206
872 3608
1172 3852
759 3975
3105 4880
1478 3968
553 3611
2606 4822
1189 3789
321 2643
496 2646
29 1479
445 2756
1133 4141
851 3504
149 1544
867 3747
361 2459
2190 4431
1851 4400
2748 4760
385 2915
3346 4881
3769 4931
394 2786
3431 4850
154 2042
110 2092
2093 4751
2421 4557
3805 4940
289 2314
1955 4455
539 4126
465 2916
150 2923
550 3560
1546 4605
1150 3722
2276 4486
109 3304
594 4007
2463 4568
1315 4733
385 4107
1806 4476
2708 4691
2409 4930
3418 4863
27 3178
1068 3795
2256 4494
242 4861
431 2481
1576 4662
203 2532
4585 5000
1133 4201
1652 4251
2405 4584
39 2419
427 2726
166 3184
435 3449
2673 4642
646 3923
4 358
274 2519
1150 3750
201 3844
1470 4934
1506 3979
1376 3983
1235 3776
1331 4454
821 4143
186 2483
1853 4326
1805 4819
919 3714
1793 4744
3407 4843
699 3596
749 4310
2557 4800
560 2799
2535 4599
2738 4728
391 2679
2131 4460
232 1878
307 2704
198 1762
1342 4561
281 3450
1393 4071
1697 4153
1723 4153
207 2963
2732 4679
575 4715
546 3509
1385 3985
1 311
419 2433
1251 4588
128 1442
86 3679
225 4905
1997 4319
1757 4544
899 4938
99 1466
1 4923
1034 3690
517 3344
797 3185
34 1207
77 3262
1925 4340
160 1628
2445 4568
567 3054
387 4233
706 3128
1 359
4133 4959
1173 3677
1353 3897
4036 4951
1504 4575
1068 4640
3 1946
1334 3854
710 4077
1150 4644
2848 4686
4078 4961
770 3132
1933 4337
329 4547
2378 4930
390 2794
278 3150
1460 3994
1290 4596
1825 4264
3188 4904
1851 4508
2543 4772
2754 4748
1401 4731
1773 4347
585 4013
4169 4979
63 1049
186 2316
1123 3734
86 1762
2916 4950
1617 4520
618 3122
723 3323
1499 4164
297 2299
356 2869
1520 4085
3772 4955
3076 4747
1382 4274
2344 4516
2313 4747
3399 4906
3270 4801
64 4712
4499 4992
470 2679
1135 3649
1237 4747
787 3405
956 4121
4572 4991
266 3466
3378 4892
1158 4381
18 3194
1895 4485
219 2055
1336 4745
3719 4911
1863 4371
166 2072
52 1425
1783 4198
3495 4859
1478 4062
1346 4009
103 3572
1907 4280
1336 4053
1167 3850
2203 4637
548 2960
143 3173
1007 3631
1644 4296
3491 4880
985 3470
315 3355
4 844
1943 4644
4376 4983
504 4587
733 3834
1077 4929
1030 4295
1728 4727
1700 4225
794 3510
393 4321
2393 4903
1709 4651
1198 4630
714 3347
372 2767
111 2758
275 2248
145 3280
3351 4828
779 4385
2441 4614
98 4178
2516 4720
2529 4889
2055 4444
563 3354
316 2217
1046 3794
574 2894
98 3470
119 3853
42 1573
1850 4389
574 2894
1982 4909
824 3645
407 2427
176 4904
1892 4429
386 2474
2622 4978
92 4354
5 518
4135 4987
1359 4461
97 2601
2851 4704
790 3835
1881 4255
1499 4092
4311 4977
1604 4897
422 2447
400 3085
418 2487
1498 3986
570 2923
4232 4970
1320 4432
1219 4483
3916 4959
672 3349
41 1414
829 4927
250 3616
823 3767
77 1181
67 3802
1277 4828
488 2882
941 3746
440 4299
57 1884
308 2111
2455 4571
117 1399
1616 4276
1588 4922
708 3733
509 3207
863 3529
447 4498
579 2844
364 4983
1252 4914
326 2823
613 2911
2956 4762
151 1926
1207 3717
962 3661
1840 4498
1339 4956
204 1756
756 5000
95 2048
3382 4836
143 3146
204 1907
1645 4294
1008 4261
488 3195
1584 4190
2119 4488
298 2826
763 4419
1105 4181
1533 4813
1176 4571
551 2862
312 4013
1648 4619
4319 4987
363 2312
47 1258
673 3176
3127 4963
3865 4922
606 4371
3687 4901
423 2605
2798 4682
830 4505
248 2122
330 2488
549 3362
856 4082
1036 3888
290 3606
1893 4268
1185 4293
17 646
4097 4951
1992 4510
832 3707
2375 4908
1999 4326
415 3397
753 3365
2279 4962
45 2005
900 3337
2278 4528
412 2645
1450 4049
313 2525
2594 4847
72 1581
106 1377
367 2933
1275 3898
216 3585
2452 4841
46 1037
138 2460
771 3720
382 2363
29 1028
195 2290
284 2738
203 3906
2383 4572
2740 4683
1109 3837
2361 4720
2346 4519
322 2349
984 3605
831 3475
37 1247
10 2136
79 3350
2817 4753
214 2253
208 2718
24 838
2403 4790
375 3731
1870 4352
729 4089
4048 4987
1230 4201
868 3470
151 4889
3701 4887
1190 3830
1004 4973
774 3151
2181 4931
164 2665
188 1701
696 3591
1293 4281
1251 4112
564 4273
74 1607
1457 4940
3006 4777
1085 3962
171 2453
394 4706
1041 3935
7 481
792 4859
786 3761
1499 4799
308 2678
19 1718
256 2023
242 2184
241 3199
1946 4304
264 2447
723 3053
8 863
1509 4276
3359 4990
1021 3744
268 4007
1158 3689
1525 4943
1957 4529
1620 4717
167 4886
604 3454
279 4794
213 1905
2 291
3410 4843
998 3493
222 3098
136 2531
2337 4519
1 243
1623 4332
1129 4312
2672 4650
1232 4002
573 2833
1911 4310
4053 4951
3289 4838
100 1506
392 2625
3095 4748
2042 4747
139 2744
3885 4915
1078 4145
2693 4835
2942 4737
735 3196
7 436
1158 4030
2333 4794
80 1887
135 3819
1070 4046
657 3179
76 1177
288 2047
461 3490
310 2683
563 2948
72 1167
1246 3760
434 2485
2534 4618
276 4675
1917 4398
1051 4394
2111 4504
1005 3519
15 566
2538 4997
1970 4384
82 2731
2836 4911
190 1710
1898 4982
1272 4000
901 3333
950 4903
153 4165
100 1421
1004 4333
565 3182
1336 4378
153 2083
854 3338
618 2884
6 553
1750 4244
3217 4872
181 2309
2882 4955
3324 4822
578 3031
2769 4678
937 4354
9 608
459 3638
795 3308
657 3114
1043 3609
8 1332
46 1018
2466 4598
3452 4970
1120 3752
1693 4868
2847 4692
1768 4447
300 4870
2487 4770
216 4619
3757 4917
319 2222
2512 4960
2127 4569
2613 4798
1274 4251
4540 4991
2821 4688
1576 4043
2463 4622
493 2687
824 3403
1242 4343
517 3174
67 3813
1737 4279
307 3193
2243 4475
1593 4685
2128 4395
1672 4938
2011 4351
7 1541
452 2800
305 3901
827 3442
504 3148
752 3301
503 3983
1809 4524
479 3112
92 1302
1623 4260
1569 4125
1772 4666
103 2051
688 3261
407 2399
4312 4983
2308 4594
1279 4729
1802 4854
1562 4923
1812 4418
778 4467
614 3795
691 4459
2233 4731
361 2433
1045 3573
1111 4011
1812 4290
529 2718
2025 4422
1630 4466
2666 4655
2777 4840
3747 4968
397 2457
1311 4342
286 2040
3113 4904
1135 4104
258 2263
1 2114
1045 4498
852 3414
2500 4582
1031 4088
1081 4894
676 3889
745 3404
1750 4806
870 3317
1791 4253
355 3111
1511 4605
1603 4368
703 3335
438 3192
2663 4865
3100 4974
103 4696
156 3145
2190 4949
562 2793
784 3351
24 2906
4 1718
1651 4693
522 2722
2800 4694
1167 4444
1035 3936
3291 4807
2098 4495
41 4298
2097 4424
1727 4401
1827 4573
100 1293
88 4152
90 4310
1081 3859
2104 4574
3078 4766
59 1064
659 2963
50 1945
459 3171
854 3294
1821 4373
1652 4687
1555 4030
668 3723
2327 4703
357 2353
2027 4593
292 2096
553 3464
1895 4827
763 3588
101 4295
505 2674
95 3225
492 3605
1438 4000
1051 4098
3201 4855
1629 4277
1871 4736
223 3617
689 3150
4 2277
504 2764
595 3013
2162 4489
1692 4350
2961 4713
2165 4619
100 1280
729 3407
1972 4985
208 2142
288 2266
1040 3813
52 1515
679 4823
173 2044
2017 4413
47 3779
666 4774
1123 3640
942 4585
1039 4123
790 3842
184 4131
859 3710
1488 4083
524 3304
3366 4906
706 4316
20 4744
1368 4509
3346 4814
1003 4108
16 3817
1101 4069
814 3367
1522 4540
475 4581
84 2463
1481 4868
2995 4946
3684 4901
524 3188
1130 4945
395 4661
1606 4197
3252 4821
902 3385
527 2850
1 2534
1032 3548
121 1485
1426 4774
452 4082
781 3524
3346 4923
2399 4915
1088 3923
439 2641
2289 4732
144 2099
2586 4696
71 1406
207 1797
325 3321
264 2186
899 4813
503 3056
3274 4868
573 3846
665 3128
165 4856
343 2341
439 2544
1468 4322
1979 4592
1413 3899
957 4853
1695 4361
3023 4759
760 3133
1111 3664
2523 4617
1180 3775
3814 4907
81 1282
3263 4852
2859 4979
612 4203
753 3298
1017 3617
798 3262
848 4357
2095 4615
76 4271
3917 4990
282 3779
2446 4562
1254 3778
340 2534
1586 4937
72 1157
318 2717
1957 4907
1983 4800
117 1510
3973 5000
15 2900
2439 4571
136 2216
136 4674
2400 4547
220 3345
274 4590
247 1932
240 4882
1539 4730
270 2178
2355 4545
16 582
1562 4368
1041 3557
524 3042
1093 3647
4396 4982
26 3068
542 3828
841 4747
2253 4718
207 1837
621 3412
23 811
336 2548
3648 4913
345 3905
372 4774
1250 4945
2856 4707
932 4284
1059 4994
4170 4983
478 2604
377 3580
1071 3601
51 1624
1281 3786
503 4575
334 3371
3057 4825
426 2554
150 4985
4105 4978
1226 4095
4290 4979
3217 4784
1017 3504
339 3510
2093 4420
255 2553
506 2852
41 1486
932 3407
751 4410
97 2729
1671 4466
3109 4781
296 2732
2299 4524
3477 4846
3294 4816
19 4309
508 3312
648 3385
536 3826
533 2724
84 3411
1807 4473
638 2953
288 2106
80 1203
1559 4022
293 3221
1987 4574
31 1522
3283 4918
838 3989
915 4203
1529 4926
1435 3954
483 3885
2085 4819
527 4261
1523 4569
704 3172
25 627
366 3555
1089 4032
519 2959
949 3422
1407 4786
4125 4953
1292 4047
1583 4105
1026 4308
3059 4769
1250 4023
1621 4075
1398 4057
1059 3662
2857 4703
906 4228
37 807
449 2711
431 4308
2665 4918
107 1354
564 3394
435 4414
2679 4760
4084 4958
807 3207
62 3671
634 3160
2017 4427
2265 4508
1412 4811
797 4618
258 4822
585 3106
219 4710
224 1868
170 1967
2858 4692
1692 4727
429 2570
347 3908
404 3480
2347 4946
3608 4921
12 4280
555 3312
3333 4834
406 2437
3882 4973
579 3414
2841 4973
414 2791
818 3458
258 2948
17 735
3212 4801
976 3866
145 2590
1057 3775
2448 4636
296 4338
25 2542
1412 3909
410 2569
1733 4488
685 4746
3766 4941
39 1016
3241 4841
364 3711
2526 4604
2660 4641
363 3122
2079 4731
38 1727
460 3152
1574 4234
7 591
580 2911
159 2957
3371 4821
3 1976
3607 4897
204 1974
3404 4830
645 2971
1230 4153
1056 4339
1301 3839
1408 4170
2509 4758
2331 4537
446 2743
2795 4680
772 4914
964 3951
3303 4886
1102 4813
2354 4547
2060 4524
154 1520
3978 4930
3175 4776
688 3063
925 3505
3120 4795
3788 4907
124 4086
171 4629
655 3340
1030 3526
1052 3534
222 2652
1307 4996
2570 4619
1596 4504
2351 4695
779 3344
1628 4338
2921 4731
341 3149
3339 4912
4077 4956
1476 4260
1498 4951
40 2390
1145 3940
2646 4630
62 1441
1921 4873
331 2303
273 4954
892 4893
20 3464
52 2963
1676 4366
1602 4318
101 3645
339 3406
293 4391
1317 3982
74 1143
184 4110
1065 3547
77 2971
2818 4694
3445 4847
20 2564
1195 4580
189 1981
2923 4918
2647 4721
62 1560
1727 4442
1163 4301
1739 4243
114 2220
1689 4157
82 1204
1412 4776
1777 4457
97 4558
2644 4813
685 3047
235 3379
1902 4391
2351 4514
342 3884
2172 4873
1608 4321
1812 4703
226 1883
384 2561
645 3367
389 3115
1346 3857
204 2080
849 3855
50 1570
2328 4509
403 2637
4035 4942
229 2749
840 4571
685 4235
971 3897
1512 4580
4090 4982
227 2983
2146 4766
4095 4953
866 3323
2801 4724
716 3915
673 3998
1828 4956
1316 3877
350 2349
3221 4967
1437 4424
976 3725
676 4034
1161 4878
1595 4048
113 1405
655 4093
1372 4184
1794 4738
107 1509
48 866
277 2056
1235 4844
2516 4744
1539 4105
1352 4095
80 3827
688 4274
744 4984
307 3889
48 1044
508 4199
370 2552
304 2242
1882 4730
11 4899
2294 4843
2163 4910
692 4190
312 3990
174 1991
648 4329
3367 4977
328 2148
1017 3531
2697 4830
707 3598
39 752
2011 4631
1900 4314
1048 4054
303 4002
3883 4941
552 3747
3657 4938
62 4586
1386 4739
142 3360
324 2336
265 2128
3312 4821
2458 4829
2607 4631
358 2825
2537 4677
1817 4219
438 2761
3601 4868
332 4574
555 4608
2900 4719
685 4111
1564 4038
237 4202
872 3302
2743 4700
1639 4092
132 2036
151 1537
501 3187
2925 4936
1157 4453
175 2346
1681 4302
1616 4387
465 2787
211 4478
732 3282
394 2445
1303 4835
1978 4745
1930 4492
750 3837
813 4846
228 1943
32 4359
184 2329
1 1247
368 2408
462 4919
1410 4854
435 2624
482 3163
1397 4670
2696 4712
794 3490
502 3547
898 3359
45 1458
428 2857
1602 4502
1139 3783
104 2720
487 2980
1502 4018
13 2104
860 3857
1495 4186
630 3002
2533 4788
402 3705
2219 4602
667 3025
1585 4565
2147 4610
486 3088
972 4051
1793 4359
985 3479
3216 4783
74 2882
311 4039
4499 4996
980 3562
977 4477
1289 3879
1242 3897
1778 4241
1787 4215
488 2624
222 2344
1003 3490
1608 4177
3079 4822
400 3969
598 3024
259 3255
3195 4925
2612 4935
722 3399
1517 4198
116 1510
1592 4187
83 3011
600 2899
3278 4814
494 3134
6 1563
1424 4498
705 3280
321 3856
3970 4932
403 3235
1022 4024
34 2762
1827 4486
2322 4578
208 1889
2968 4951
1006 3937
903 4295
2047 4596
3593 4895
1825 4375
815 3362
49 884
160 4893
2126 4950
49 985
2 360
1392 4903
752 3117
251 2214
288 3315
975 4218
682 3385
1268 4346
643 3210
430 4958
2338 4703
16 525
1425 4897
3259 4949
777 3535
930 4893
1388 4907
4166 4991
101 1432
444 2511
348 4091
2761 4725
1083 3987
224 1816
820 3257
696 3145
329 3389
516 3972
550 3515
743 3311
981 4244
109 3295
1461 4595
2039 4414
4369 4997
2558 4854
231 4469
1258 3977
10 1619
1817 4371
734 4713
1096 4280
2594 4614
97 1604
114 1495
130 1689
646 4541
1112 4838
74 1808
1173 4249
2450 4562
2483 4628
2581 4865
274 3887
1509 4497
77 1149
30 1081
178 2909
211 3865
2939 4727
2679 4676
132 3349
238 3221
1276 4976
1601 4044
1405 4190
183 2589
1002 4088
7 1121
4182 4961
2413 4586
1810 4708
1624 4551
274 1989
287 3041
309 2251
249 1963
2865 4831
1084 4276
733 3626
28 964
806 4868
2 4625
3515 4881
2397 4759
11 3173
268 4512
660 3016
231 2865
1624 4099
239 2452
1712 4187
2380 4571
1731 4347
1114 4631
481 2702
2851 4790
771 3160
2859 4871
18 2327
232 1928
4392 4981
3150 4988
1197 3782
324 2632
337 2874
147 4357
263 2037
2074 4883
1798 4800
610 3034
1277 3962
4191 4966
3259 4795
569 2821
3564 4888
1830 4640
1121 4131
1066 3707
509 3117
1336 3960
1339 3837
1478 4156
1180 4506
1262 4836
44 854
454 4796
847 3807
2885 4817
459 3003
901 3903
114 2867
902 4617
1792 4941
3655 4878
517 2737
4190 4963
2025 4946
55 1053
624 3646
3907 4955
1067 3594
3318 4910
3 398
1218 3987
1422 4110
1779 4191
3860 4910
3990 4990
160 1616
1571 4684
300 3713
1712 4673
159 1576
835 3255
1938 4564
2910 4725
754 4636
1479 3969
564 3191
4138 4995
108 2517
345 3601
2588 4723
2222 4678
1909 4375
2346 4625
1256 4170
1115 3648
30 852
1283 4667
1310 4801
826 4536
1031 3616
364 2917
1309 4922
2972 4958
745 3768
594 3395
32 1106
517 2812
1463 4154
1 3573
1916 4346
154 1545
146 1596
763 4960
2132 4879
137 4953
1061 4021
2738 4682
37 808
3795 4940
944 3421
22 1964
266 2897
38 3579
88 4032
3075 4897
1524 4399
565 2960
3424 4846
1327 4288
289 4610
280 2072
385 2926
351 2245
1599 4188
65 1070
178 1830
1198 4121
2859 4726
83 1460
4046 4960
15 2682
933 4000
363 2270
115 3723
53 1831
7 1471
401 3367
813 3895
259 4934
1758 4796
1587 4266
4421 4991
68 3597
1307 4468
1573 4042
494 2647
1115 3697
1997 4447
997 4667
476 4464
3114 4866
2034 4674
1147 3745
24 1134
2782 4961
846 3502
1678 4318
1035 3908
44 1810
421 2485
2119 4974
2108 4386
3888 4947
2733 4850
123 1451
2661 4828
392 4362
3015 4885
4 1984
1395 4020
906 4014
1019 3525
2368 4629
842 3247
661 2962
82 4627
545 3621
1919 4680
392 3233
4261 4972
263 4722
21 1077
330 2728
291 2094
140 1916
535 2812
571 3292
1515 4184
1277 3917
892 4393
1160 4585
133 1726
446 3091
214 3596
1575 4055
136 3039
988 4710
3675 4966
747 3547
2214 4452
156 1600
582 2839
364 3327
237 3556
1669 4320
292 2432
1534 4181
735 3211
931 3392
1294 4901
257 1954
413 2469
296 3874
503 2878
3172 4774
3212 4819
593 2950
182 3190
57 2131
938 3783
1190 3699
1255 4542
1193 4964
599 4867
1004 3625
890 4100
477 4566
387 2429
1863 4609
2070 4725
3649 4927
53 1322
3464 4842
2337 4682
1232 3918
2182 4521
891 4626
301 3128
465 2581
911 3418
1969 4611
805 3193
3813 4956
574 4052
2131 4506
765 3893
183 3344
3154 4896
3116 4818
2522 4915
827 4358
3268 4848
354 3389
1 3521
2206 4878
2873 4857
851 4996
1791 4945
113 2381
2630 4928
2768 4856
2794 4737
3953 4946
490 4943
1129 3685
2227 4982
86 1479
656 3987
38 3535
1788 4997
1459 4160
1593 4885
559 3361
441 5000
3541 4859
4741 5000
331 4681
20 1480
2458 4829
1048 4102
3090 4818
410 4615
362 2502
1133 4074
621 3096
1267 4656
4068 4972
3154 4769
3452 4848
1975 4909
1056 4389
259 3446
284 2144
274 2474
1166 3791
1223 3781
4055 4960
12 489
3017 4798
34 4890
702 4432
175 3411
1225 4954
504 2691
1376 4788
868 4747
289 2646
296 4440
2884 4788
1081 4672
1118 3878
287 2094
381 2332
2599 4630
1488 4332
4 2150
250 4694
165 1664
2443 4571
2142 4460
80 1177
3753 4892
429 2518
953 3730
55 1031
1 291
245 4607
106 1514
4134 4971
3146 4792
2570 4722
854 3469
3063 4744
1033 3541
24 1377
348 2892
407 3172
1300 3838
1915 4373
166 4162
2182 4782
1970 4323
2779 4674
823 4751
921 3619
2614 4738
12 494
185 4690
443 3598
193 3088
1094 3593
62 2061
1319 4277
3573 4871
803 3673
416 3293
846 3881
155 4210
88 4214
2292 4595
15 3573
14 3288
367 2600
1175 3712
734 4301
243 3260
10 1956
1021 4677
1378 3873
3673 4896
325 3043
1288 4708
1089 4571
431 4806
2103 4592
246 1908
2944 4832
16 882
2115 4686
214 2608
312 4874
143 1785
4305 4977
8 1299
52 1442
1360 3967
1761 4321
365 3771
701 4981
1471 4150
825 3637
2586 4674
1043 3998
725 3097
2200 4458
1840 4382
270 3194
152 1541
1781 4356
54 1288
165 1781
3723 4892
3800 4904
1689 4938
2090 4744
940 3918
2546 4601
1630 4693
2381 4936
2112 4419
1408 3899
337 2254
1124 3745
2907 4895
1093 3716
2455 4580
403 3784
1805 4562
842 4924
150 1975
1004 4549
511 3388
1604 4492
4291 4977
3786 4966
2242 4758
542 3756
714 3723
1269 4301
4699 4999
712 4409
144 1603
571 3806
348 3998
321 4349
1064 4110
49 3408
171 3121
1056 3932
767 4756
85 2042
1431 4080
2515 4588
937 3407
2936 4913
3448 4837
1233 3815
582 3856
355 2243
3386 4903
974 3670
1591 4263
1749 4783
1694 4171
543 3087
2045 4399
301 2621
176 1956
1549 4334
553 2819
4317 4979
2594 4724
334 2400
1173 4407
1581 4135
418 2775
506 2726
60 1902
378 2527
1051 3559
351 2816
1156 3884
1579 4168
1603 4175
3874 4936
191 2602
2317 4569
849 3545
578 3779
864 4706
1516 4026
45 2808
1810 4545
2878 4707
759 3925
1290 3954
3604 4873
3005 4791
1 1025
2895 4811
874 3431
118 1409
1299 3953
1832 4597
587 2833
3480 4991
1806 4273
367 3443
251 2247
351 2458
1739 4540
995 3885
4699 4998
481 2641
3280 4892
513 2748
87 1241
262 2771
264 1996
1445 3989
1163 4016
3091 4974
929 3401
62 3181
2316 4910
77 1504
785 3191
531 4688
2452 4835
630 3004
492 3972
4510 4991
728 3096
220 2561
1430 4338
773 3749
796 3692
2438 4568
184 4138
2166 4742
192 1954
2485 4726
2915 4862
1289 4075
317 3379
124 1891
1062 4428
3196 4829
638 3549
20 771
415 4527
359 4381
1510 4078
1649 4101
2816 4899
1095 4703
1769 4428
2030 4392
677 3481
331 3271
1178 3765
2150 4702
170 4255
4575 5000
1651 4100
285 3748
596 2872
173 2209
343 3302
766 3471
539 2749
142 2501
2293 4488
1184 3731
3748 4915
659 2963
374 2577
1800 4322
46 1251
451 2724
1782 4263
4041 4985
300 2316
680 4335
986 4485
1074 3592
1524 4086
547 2984
1721 4918
64 2514
153 1626
3278 4955
4251 4985
11 4461
335 2539
642 3312
76 3690
2490 4842
205 2246
849 3842
737 4080
955 3791
2339 4547
60 1032
1862 4899
423 4895
1536 4090
1371 4009
2533 4592
63 1040
3956 4940
3088 4842
182 1857
545 3867
757 3297
172 4592
1189 3760
651 3883
119 3416
121 2934
3131 4923
3136 4785
428 4776
56 1000
1786 4207
513 4040
1295 3813
419 2856
1620 4479
1483 4027
2101 4422
642 4696
3010 4787
614 4279
559 4818
867 3640
6 3151
1367 3868
1545 4322
1302 3924
2402 4591
2903 4935
197 2274
602 2923
1469 4449
159 1560
1619 4443
1392 3928
904 3503
2814 4822
1737 4215
235 2353
1510 4728
378 4246
2706 4749
608 4209
2713 4745
790 3339
1793 4501
1807 4529
147 3881
3680 4882
702 3729
262 2911
26 950
1129 3668
3423 4921
439 4242
340 3867
947 4561
1693 4842
34 2989
1265 3800
389 2571
911 3982
20 679
186 2503
451 2543
1559 4195
200 2681
2526 4595
883 4996
1934 4792
36 1749
887 3568
1939 4298
197 2808
573 3139
2549 4914
1166 3875
2 553
595 3417
1080 3576
809 3391
59 1071
100 2959
869 3562
543 3225
1320 4285
825 3981
1760 4197
2848 4693
524 2707
56 4262
572 3778
77 3000
197 2898
985 3725
70 1753
1267 3913
3869 4920
47 909
64 1776
2386 4574
885 3343
365 3664
2085 4429
2367 4709
2792 4703
1223 4246
1688 4304
2932 4799
6 4981
343 2237
4219 4972
2272 4515
3226 4785
3870 4917
4089 5000
319 2144
97 2592
448 2985
756 3537
1 590
1563 4350
1605 4959
56 1001
66 3381
17 3451
122 1414
2235 4683
1916 4333
207 2131
1687 4432
646 3012
1679 4678
1095 4666
2056 4360
1116 4894
1585 4051
920 3420
2269 4482
2741 4919
232 2579
39 857
813 4338
1950 4326
13 2729
3383 4835
794 3739
1446 3942
290 2751
3710 4985
175 4341
2072 4996
2373 4708
358 2250
3307 4910
2081 4865
997 3486
305 2091
26 602
2069 4391
2615 4672
658 3669
1226 4480
3119 4848
1668 4124
1473 4218
443 3973
156 2927
375 4791
817 3915
691 3805
1855 4233
3075 4835
1858 4742
2040 4762
3257 4878
1569 4882
1427 4637
2398 4949
1920 4517
489 3074
1206 4136
1598 5000
41 3150
1882 4251
681 4571
2261 4727
2470 4600
1282 3796
2781 4777
601 4517
3092 4863
1415 4266
3218 4803
545 4803
2141 4754
1966 4320
2170 4712
667 3025
2193 4452
1297 4103
2194 4670
444 2595
2087 4421
251 2188
1477 4341
2916 4723
696 3591
326 3762
598 3186
1471 4212
76 1734
118 4519
1101 4764
66 4964
1872 4315
3527 4946
445 3895
1692 4135
340 3288
1242 3793
2536 4757
162 3986
187 1694
1972 4334
5 2629
1462 3982
1406 4236
646 2957
3835 4908
255 2874
56 1002
4023 4946
551 2789
773 3908
83 1859
1199 4053
1430 4354
103 4938
1066 4376
131 1985
2904 4759
1767 4210
10 2083
1931 4427
3395 4839
1 1566
666 3076
494 4014
4002 4962
1058 3810
1670 4110
1054 3653
433 3970
2921 4798
1587 4108
288 2239
374 2540
883 4029
1794 4902
113 1493
565 2820
2898 4722
892 3607
1247 3964
1787 4208
730 4377
301 3645
1295 4289
400 4745
3267 4805
2145 4421
569 3284
966 4027
152 1632
2507 4803
14 505
282 2160
3194 4997
17 2295
369 2787
1120 4447
1379 4067
585 3411
405 3583
599 4729
637 3555
4161 4971
1224 3799
1134 3667
820 3373
1136 4148
1333 4081
1667 4683
2185 4942
1482 4556
1201 4092
54 2335
140 4728
1902 4910
162 4652
248 2214
3119 4986
935 4097
2127 4452
1593 4915
3324 4824
394 3272
11 1114
2397 4554
1038 3546
380 3033
202 1884
483 3060
32 4342
815 3234
546 4238
2758 4833
1011 4214
1543 4987
406 3032
880 3658
25 596
47 900
314 3829
1380 3875
545 2781
361 3860
1304 4634
656 4035
1838 4380
2625 4636
195 2940
1183 4932
44 1452
3131 4785
3550 4891
1579 4204
124 1428
1382 4962
2638 4751
33 1081
4787 5000
1176 4179
1218 3888
455 2955
164 1739
653 4055
2812 4764
238 1871
1559 4308
1861 4691
601 3071
216 3101
3688 4922
3 580
2948 4760
1584 4091
1941 4637
2714 4697
811 3772
754 4636
341 4889
1817 4534
428 2879
1033 4051
1117 3636
764 4033
553 3767
22 1592
3286 4806
2345 4875
809 4428
570 2943
2491 4727
150 1621
2562 4610
358 4286
4120 4963
444 2603
45 1122
156 1621
4526 4994
80 2170
1281 3907
2003 4328
3276 4903
644 4972
566 3831
45 1024
1806 4221
495 3261
956 3471
2220 4477
1871 4250
223 1860
1266 4091
1347 4448
2586 4654
505 4834
4345 4993
1164 3688
1800 4573
140 1479
4050 4949
487 3636
69 1724
265 2412
175 1752
340 4371
360 4118
2796 4871
15 743
630 3820
986 3510
694 3221
1693 4396
10 1061
94 1278
650 3158
71 2754
3895 4947
178 2348
140 2635
456 3625
1322 4275
961 3476
1690 4830
534 4884
466 3841
523 2736
378 2318
1075 3566
1677 4764
2025 4383
224 2782
776 3250
215 3685
697 4364
1347 3985
579 3500
730 4061
1138 4326
444 2800
402 3268
1612 4255
114 1436
588 4923
238 3823
1128 3698
2595 4977
1523 4433
80 3786
423 3400
443 4560
2931 4849
326 2291
2617 4625
2203 4623
957 3574
1902 4818
187 1780
264 1982
420 2491
1757 4184
1578 4191
1977 4811
2282 4484
2981 4827
1162 3661
271 2399
3082 4850
612 2914
1901 4638
3431 4846
3461 4897
149 3887
897 3420
724 4906
59 4677
117 1399
4565 4999
123 3425
1605 4144
35 2276
1544 4011
4533 4995
607 4825
370 2678
1364 4564
420 2470
2253 4695
1602 4379
18 1349
2692 4681
2137 4657
2722 4705
1724 4311
1183 4395
3663 4892
2952 4725
239 1899
235 1890
571 3294
173 2365
690 4132
249 1950
34 1459
1175 4720
691 4504
2112 4671
3290 4836
1863 4466
1549 4112
1597 4929
87 1877
1233 3803
749 4477
3307 4804
802 3362
1152 4195
2251 4578
3511 4879
1499 4639
3421 4940
32 1360
1225 3734
1958 4310
2933 4705
21 1139
4065 4971
2747 4666
1990 4510
204 2222
1203 3794
2027 4342
440 4333
296 3342
553 2800
3482 4926
56 1859
1604 4969
2084 4963
25 2526
1686 4997
4224 4973
1625 4072
1260 4858
2426 4695
1292 3820
2089 4462
3312 4821
1523 4134
343 3201
192 1696
965 4211
2594 4879
2655 4636
319 2915
1631 4356
291 4300
1301 3802
108 1371
1820 4376
101 3064
2273 4527
948 3414
4637 4995
1377 4955
663 4137
1578 4049
295 3101
146 1927
2465 4616
138 1564
1084 3715
159 3542
418 3475
248 2212
199 2791
3483 4915
2017 4960
946 4067
2004 4342
363 4971
2814 4823
295 2071
1124 4264
617 2890
1245 4191
626 4647
832 4591
1577 4214
3774 4971
260 3723
283 2271
735 4763
2492 4731
236 4123
3684 4901
1867 4596
394 3260
1079 3601
1476 4060
2166 4435
1767 4193
52 1318
376 2323
3599 4910
704 3185
202 2192
2555 4616
3080 4926
23 3655
917 3782
32 2732
2150 4702
357 4455
1807 4778
2624 4835
476 3565
128 1454
1863 4903
47 3120
1091 4339
2637 4840
380 2606
1515 4658
124 1542
1947 4306
272 4343
470 2652
1556 4129
2545 4657
1229 4151
277 2524
1 2994
345 4906
121 1573
771 3296
3537 4973
291 3467
2369 4579
107 2117
906 3905
354 2335
733 3171
3945 4942
828 3500
3110 4773
2091 4420
1837 4238
1361 3871
256 4788
2165 4425
251 1981
306 2234
2622 4636
247 3938
1451 4683
78 1155
1157 4310
1442 4256
3144 5000
1977 4960
1705 4467
88 1334
1242 4473
1646 4263
1185 3733
580 3766
3341 4832
238 1980
4045 4944
547 2750
2670 4764
74 1159
571 3292
1551 4190
1324 4515
2412 4811
1484 4267
77 3018
557 2808
89 1261
885 4257
631 3782
2192 4428
282 2630
3519 4893
9 3831
25 2024
403 4540
3526 4857
69 1155
1394 4340
313 2765
1682 4455
401 3409
1404 4059
1733 4370
1775 4522
363 4541
734 3058
677 4322
361 2679
661 4399
123 2044
2385 4741
1832 4346
551 3906
1226 4551
925 3980
1289 3851
541 2768
359 3923
163 2096
622 3053
650 3077
1825 4265
2900 4745
2492 4945
2294 4619
395 2530
52 1095
867 3612
490 3980
2425 4575
2905 4776
1787 4660
978 3462
230 2130
557 4579
490 4723
109 1422
2705 4937
2822 4717
1007 4321
2489 4588
165 1572
2184 4466
922 3878
78 1202
181 3466
2709 4672
115 1896
1382 4319
65 4923
263 3570
1328 4774
1274 3835
1257 4228
3374 4953
2331 4539
4051 4943
1675 4522
2496 4795
708 3694
803 3592
1533 4421
432 2462
18 2084
1527 4001
2368 4524
1783 4198
2040 4459
425 2793
3248 4804
771 3396
3873 4929
15 3038
553 4602
3995 4960
369 3489
2095 4390
315 2654
121 1680
182 2688
1161 3920
724 3094
3860 4920
779 3224
1189 3852
172 1608
1478 4630
84 4938
519 2940
1160 3766
1008 3731
1259 3813
3508 4971
314 2163
90 1390
2447 4591
177 3878
21 1689
395 2429
1269 3835
2298 4864
817 4218
528 2740
58 5000
2652 4635
1055 4225
845 3406
4223 4967
1713 4422
347 3009
267 2606
2173 4697
91 1244
384 2764
706 4024
261 2906
241 3376
64 4873
425 4777
3376 4836
1930 4882
4296 4991
717 3102
2560 4624
557 2810
333 2268
39 771
2154 4824
