1000
526 208
413 484
111 581
390 188
117 439
236 432
71 329
150 339
219 597
339 112
52 276
432 478
577 341
185 370
331 306
265 34
418 555
185 317
524 36
252 201
97 255
20 5
237 554
280 298
532 455
308 306
440 246
227 182
26 111
330 457
349 316
158 537
541 21
270 112
367 79
64 597
597 160
559 114
214 482
561 203
76 587
254 114
397 148
435 30
74 200
598 409
504 462
72 25
554 3
438 37
575 369
555 433
220 527
485 323
113 430
497 392
292 286
242 480
180 12
96 306
34 588
103 180
455 55
396 302
165 89
459 358
484 78
123 42
246 92
461 303
423 8
301 113
551 569
307 98
220 513
525 5
368 168
67 586
264 173
183 85
148 548
549 567
143 117
372 325
47 301
109 493
37 379
67 573
163 311
183 118
346 386
6 268
594 204
194 262
438 91
174 424
186 191
417 163
36 142
102 422
34 31
170 302
461 329
284 476
109 378
266 558
36 435
202 104
429 389
221 332
125 124
148 514
331 361
423 320
74 362
453 532
340 160
456 173
341 571
287 236
494 445
550 241
16 347
104 302
350 381
188 248
159 41
381 68
167 575
381 364
424 542
408 195
5 540
100 531
321 124
295 580
57 540
581 338
183 376
583 535
547 281
599 461
493 479
287 429
318 354
460 327
115 368
561 415
74 487
181 96
157 449
85 487
31 206
561 181
70 69
12 73
543 364
555 398
54 366
390 82
27 305
480 286
253 590
467 386
295 345
361 165
425 33
164 120
334 453
53 551
139 491
411 57
330 462
293 570
486 362
209 121
599 435
426 239
530 43
222 569
425 405
284 262
215 40
456 565
136 261
390 127
595 47
293 593
531 327
196 523
156 64
552 543
478 517
420 151
318 473
474 539
522 516
96 286
533 516
324 337
298 376
274 115
169 429
537 483
548 335
478 276
25 422
589 205
47 586
143 26
490 6
448 414
333 194
438 232
237 471
260 390
1 210
318 518
194 390
412 504
168 65
154 392
64 524
287 570
259 350
436 346
252 185
234 578
381 443
533 372
491 534
419 522
425 168
136 346
110 570
477 225
376 568
124 136
417 245
245 221
47 207
394 276
415 516
531 32
348 319
229 490
372 181
30 409
498 519
193 66
186 523
128 453
273 560
318 438
353 269
555 588
495 339
226 263
34 418
268 299
361 463
368 441
435 464
7 545
25 544
63 376
271 579
286 414
387 86
440 120
369 291
158 235
549 161
483 540
162 549
326 520
372 63
205 94
249 286
96 344
352 130
513 191
571 530
151 54
305 552
367 515
103 364
554 204
336 120
431 491
205 517
562 235
33 365
91 401
209 291
26 312
260 421
286 542
6 540
38 566
420 219
586 355
130 48
62 290
61 485
83 193
69 598
202 392
139 85
553 569
382 436
396 144
544 400
359 234
94 54
328 268
420 141
221 284
88 285
273 294
149 182
531 300
403 287
505 481
181 233
521 15
124 321
374 581
353 238
530 344
168 132
129 212
118 520
5 484
38 30
510 70
398 403
110 498
246 329
199 325
222 544
172 215
60 106
185 502
409 408
299 138
207 553
273 593
126 167
585 521
77 96
487 513
205 366
568 595
589 92
255 294
126 400
384 470
318 72
147 175
412 68
73 487
266 269
227 217
245 492
77 336
284 356
299 333
255 200
291 428
290 307
39 176
7 255
289 561
593 30
46 207
236 188
256 386
266 571
75 544
175 16
202 586
95 297
477 440
397 118
341 144
24 285
375 144
573 312
84 76
540 462
45 493
256 58
319 598
29 354
67 479
328 64
310 487
428 569
495 428
550 599
578 388
530 511
361 590
66 97
187 411
348 391
281 103
254 84
2 17
414 271
123 319
135 300
556 107
448 176
359 272
376 568
363 472
500 361
480 381
36 387
143 495
212 27
346 145
198 364
542 107
505 245
33 483
33 163
514 417
332 37
116 216
379 9
341 217
64 533
94 149
371 397
480 381
216 153
29 584
544 333
202 337
563 204
241 424
443 294
271 291
133 28
596 587
64 61
92 174
66 150
539 558
585 198
451 355
161 393
155 317
336 252
426 41
32 19
349 324
485 150
3 84
91 217
196 186
161 512
228 447
407 268
367 565
551 116
109 101
562 299
412 166
592 82
228 502
183 111
476 367
242 270
553 316
378 244
184 511
454 407
149 295
162 225
444 405
178 339
277 33
48 92
442 382
412 59
146 8
448 487
402 62
37 540
311 395
340 217
109 327
374 427
191 110
328 26
595 98
557 120
593 344
263 109
83 412
586 555
207 459
565 112
43 525
43 280
137 9
106 596
112 150
551 362
326 435
160 26
111 476
281 87
449 525
515 451
235 216
191 327
511 269
263 528
467 410
142 154
494 446
47 383
321 66
77 89
537 146
16 312
473 88
91 416
362 529
433 583
508 131
131 535
173 557
13 333
298 572
151 203
193 426
182 532
485 464
89 93
357 424
265 81
212 116
211 253
366 395
64 412
549 544
323 487
486 67
23 312
450 111
129 506
450 455
203 81
60 222
45 375
409 118
66 300
193 370
397 312
433 48
335 396
94 259
435 334
303 399
122 177
93 80
571 35
123 244
270 76
112 541
224 538
488 470
133 257
341 50
356 125
486 204
435 20
590 4
331 321
34 99
424 401
437 519
536 330
182 589
301 252
204 384
312 245
118 3
252 568
230 48
407 482
407 547
197 33
357 309
540 588
532 11
457 596
469 505
43 320
119 595
417 373
243 314
67 563
544 134
483 542
491 135
549 260
121 317
449 512
308 196
562 159
591 487
385 301
288 292
329 20
96 476
192 546
382 411
214 71
343 580
121 334
427 490
514 574
506 538
508 272
518 268
71 367
560 347
74 367
42 71
282 110
503 445
482 574
573 180
392 126
354 459
553 521
416 94
374 570
202 458
454 555
199 228
232 314
82 582
378 556
267 348
62 426
402 393
574 4
541 4
444 110
248 472
445 431
584 171
378 159
210 578
143 44
542 119
197 123
288 528
565 18
86 538
195 520
162 548
368 210
418 576
346 405
557 85
546 387
329 2
518 435
535 160
368 447
202 329
567 80
306 35
261 508
34 559
164 4
398 538
534 526
84 394
107 320
18 135
70 123
392 155
500 237
434 322
103 254
397 139
47 149
286 419
406 533
203 27
264 410
389 159
513 223
6 159
308 198
158 371
186 86
490 565
40 586
155 91
180 431
190 286
360 168
498 195
484 515
523 583
470 32
273 527
450 501
93 517
462 119
266 240
531 64
478 483
351 67
20 31
32 149
382 129
47 98
493 301
35 11
556 573
213 62
422 336
153 230
131 448
219 259
306 530
400 538
582 464
80 540
478 33
222 505
572 375
330 312
266 435
4 458
79 56
121 368
531 538
103 427
567 170
314 549
417 263
359 94
307 123
140 404
72 100
241 127
39 148
159 157
578 508
463 306
307 199
174 503
280 556
556 325
46 210
128 145
565 291
438 282
113 179
471 172
26 458
309 216
114 487
408 561
301 254
449 387
100 195
205 228
198 424
231 352
566 313
128 564
482 148
356 57
443 15
329 332
545 295
378 138
21 485
463 207
168 82
573 351
454 419
89 594
473 104
37 98
306 467
144 571
255 309
447 329
573 469
530 402
514 498
237 78
11 559
327 523
81 126
326 77
344 524
413 454
404 544
206 178
599 533
366 582
3 173
75 32
147 95
341 236
567 214
458 1
555 536
154 288
443 519
332 401
451 479
554 143
64 225
225 543
103 505
417 556
238 576
577 364
476 127
307 291
552 166
58 488
525 514
194 331
202 281
527 130
586 537
331 209
76 431
544 28
151 538
183 49
58 149
364 217
574 187
168 416
105 413
139 363
34 566
254 254
301 284
66 215
299 343
191 102
442 380
244 164
228 97
555 214
304 253
355 334
284 268
398 372
36 446
446 337
194 92
458 490
329 150
381 404
324 597
507 595
498 68
566 325
152 307
291 99
17 17
366 515
395 423
496 46
548 372
34 584
145 317
81 600
355 14
426 182
580 187
447 209
457 266
586 264
593 24
238 520
210 349
135 341
467 349
148 343
347 60
161 11
12 464
234 52
392 98
480 305
503 528
343 151
557 503
167 306
395 312
360 9
472 344
101 57
309 123
9 239
148 79
297 214
533 323
78 156
354 263
137 574
435 494
408 499
305 20
312 554
103 439
15 454
317 69
580 428
103 350
363 584
489 285
322 302
452 445
56 121
122 435
543 482
78 330
143 16
158 247
352 46
412 68
523 121
89 536
186 563
447 27
104 555
413 117
527 47
257 129
12 390
358 503
300 22
164 135
377 214
54 16
275 535
11 447
562 113
468 571
286 328
402 413
23 584
228 55
64 110
496 574
504 413
481 237
559 356
465 417
358 329
477 95
439 210
341 240
195 362
333 120
194 240
288 348
43 418
86 305
555 382
464 88
579 484
424 586
479 376
139 550
105 255
239 488
190 519
99 46
584 526
177 532
360 290
260 533
502 167
439 335
104 500
322 401
