50
933 -493 -881 936 -889 -922 -527 -377 -179 575 -710 -551 -223 -703 621 -900 818 -803 781 357 944 685 -831 -746 -707 -812 705 -104 -991 884 -459 -591 423 831 -580 893 483 -952 -771 -407 -555 611 -984 -803 -530 320 -90 347 935 26
-730 429 -571 786 909 201 -310 -920 -528 -522 54 579 -856 -757 981 161 -217 -283 -327 -628 -289 434 -716 -775 904 -802 321 552 42 599 -491 12 -357 -355 686 -741 -964 714 -934 -643 -884 409 -539 753 617 -906 -549 -42 162 -265
-814 731 292 -551 -442 -831 -676 -738 311 -189 111 774 -97 753 -700 -510 802 471 989 -473 -583 -558 699 913 -33 954 -479 490 576 526 -949 457 257 -384 53 802 -391 184 815 811 153 155 -297 -557 679 51 -963 713 -620 -536
707 -977 646 -961 -179 826 -955 184 -98 613 660 808 -530 222 -362 -31 -213 667 332 -142 30 98 -710 -899 196 -820 -906 -447 891 -325 -899 655 -947 -837 995 404 178 815 -677 -392 -397 -136 -873 -841 980 -588 24 329 858 -348
98 -804 149 -583 677 324 -968 996 -908 322 297 347 243 -865 247 772 -173 74 8 373 -698 -938 526 649 -694 134 812 22 410 691 697 369 49 -951 -757 245 -778 173 -993 -873 603 57 -425 747 952 585 -210 -101 -803 -782
76 -178 642 -595 718 -974 865 141 -407 874 -261 74 -693 -131 15 -744 347 533 907 21 -585 -979 253 -130 -420 505 -249 930 -674 -189 360 772 471 -119 519 -693 -416 -943 598 -567 -378 407 36 872 -30 -363 -617 718 -968 632
884 -950 -661 568 999 292 487 -705 -972 -883 639 563 402 -43 -617 -255 -375 462 589 -757 419 31 947 314 132 -629 542 -836 229 538 537 502 -968 679 -505 -335 -289 -299 -995 402 335 -100 10 297 823 189 -817 -210 593 805
-224 -698 -638 239 -278 690 -915 444 -624 -407 615 -765 288 582 311 -290 817 -146 -407 -539 375 -488 -43 -506 -924 -842 -615 305 -87 -348 361 78 112 960 803 128 -936 -760 755 -5 -254 70 -350 391 593 -725 846 -740 -125 688
-243 430 -56 -2 471 -512 -31 80 615 987 151 932 -974 -951 -940 26 -759 -734 -239 929 90 948 -925 -251 -793 -639 297 -974 277 961 241 154 -697 805 375 -14 -807 142 -249 80 522 -878 224 141 -233 724 -992 -552 -139 -228
784 -878 -18 469 492 650 716 990 -5 -456 -243 765 766 -542 -845 279 -701 77 593 -472 53 -249 -903 -560 563 -250 -289 -863 -296 -523 -161 832 776 -777 -377 747 838 797 -131 680 -833 -283 385 785 448 -970 656 -472 17 482
-986 -477 -643 -666 589 874 132 -937 -68 910 -610 -849 608 -951 561 -963 150 568 314 653 -92 114 -953 477 776 -195 -11 -267 -589 -922 12 -971 -43 678 717 -490 -764 208 -2 642 584 559 449 -56 -412 868 -581 -373 215 168
-386 -532 845 -44 966 370 -940 -13 238 437 -210 869 -346 -413 441 491 -669 -253 -35 -362 195 662 555 -458 977 -663 -328 512 23 -330 -797 -402 787 -642 524 720 13 -15 -691 164 -247 448 856 -952 -152 -362 214 -440 457 380
825 779 858 481 -892 -797 -3 460 523 477 -491 670 -776 358 384 448 419 -444 588 -476 683 -236 19 723 14 818 32 -505 538 -922 -853 -678 -578 -905 -557 -855 159 697 670 -333 498 -536 404 -685 -93 -666 -907 -702 -953 -193
415 17 -65 -762 662 -206 216 804 532 -919 621 45 -271 563 49 -183 722 883 1 988 -127 98 -925 802 -305 -20 -389 859 -686 470 478 -544 532 -676 467 491 -979 -157 679 -169 -143 -422 756 136 -540 456 -659 889 -780 754
-772 -719 -596 978 -716 27 548 -559 208 297 373 966 -89 -885 -268 -299 60 26 -642 -509 -181 569 -600 -646 -387 -815 166 650 -948 -407 776 -925 -840 -198 777 -892 848 -267 -982 85 -483 35 955 -992 875 812 -308 -122 11 581
-350 575 -902 -107 305 816 159 -302 958 369 492 704 -662 -657 -934 588 76 149 260 -66 907 342 -344 265 -191 466 28 425 -162 -230 -87 -77 -771 -273 -825 956 605 419 -337 -10 -129 -727 448 -15 -185 -898 -700 -83 235 -656
704 -371 123 258 689 209 -528 789 -69 815 134 -668 -692 839 -78 -341 -595 -535 83 -987 984 617 -919 -543 -741 -170 5 -493 -625 307 -808 -769 -730 878 -892 -512 -588 542 -240 -492 269 -90 645 -649 -749 -70 485 655 -954 188
269 275 420 728 476 239 385 49 -974 973 -897 866 163 -511 -967 378 835 165 -299 -251 632 938 281 620 753 223 -41 33 245 656 910 -685 -847 714 -923 142 -697 939 412 302 173 314 -541 -267 -705 668 543 -193 386 -828
-188 121 975 -593 -104 136 25 -822 -483 226 -622 818 -278 879 -667 97 -73 57 870 -252 -954 -336 -798 -46 -714 -290 871 -247 -522 -91 587 295 -917 976 600 -679 -185 -581 -734 268 -828 181 633 738 -248 -882 650 941 -109 -90
276 428 331 -588 46 -422 -198 984 -325 946 277 -372 -414 77 14 305 246 -125 211 -724 -540 -407 901 -188 -313 799 752 467 343 669 -167 595 -884 393 221 -114 -470 53 -256 763 -940 -754 78 -243 848 -469 190 258 -855 -511
-402 -851 914 -781 -236 -732 709 -962 456 859 -678 -544 -296 383 693 -504 -210 -373 224 719 143 926 -339 -704 -864 74 -57 -716 -428 -343 -895 -202 -740 -106 468 116 -16 -703 -770 -75 859 -434 -971 -833 -603 -998 454 806 -335 -191
804 -682 -20 -483 254 179 829 -580 619 360 -13 -866 427 -690 738 -997 633 7 513 882 -727 -61 -59 566 -127 846 -462 -14 -11 -599 -832 -978 481 -802 -251 463 -241 199 -689 53 -485 260 428 -872 342 -682 345 165 101 -127
-613 -749 -565 777 374 397 -847 -412 266 -888 -619 -422 -830 -727 997 972 -110 -928 -412 448 986 432 -629 880 614 -464 -996 -879 -915 135 882 739 -981 -563 -837 -210 -49 657 -518 -691 -761 -820 -359 -283 452 847 -584 -351 -857 889
81 886 253 81 -892 515 -649 62 708 103 -486 -131 -908 29 905 -500 905 -100 804 361 -774 -891 486 -417 -79 -659 918 587 118 -150 975 -297 936 694 -237 -493 535 -66 -181 221 250 -779 528 -262 162 778 -294 522 -822 -670
189 -843 852 996 692 387 -484 55 -406 396 803 671 805 -891 348 -158 -628 282 779 -480 283 982 562 -918 -717 -37 491 496 -838 612 -149 -125 -302 109 -203 513 919 -534 -216 -529 272 -406 137 391 -437 -273 -565 -832 -806 180
-65 50 956 -876 721 -485 919 180 149 -555 959 120 -275 -663 -385 -300 -835 107 528 -713 658 -365 -206 917 456 -669 -738 417 -541 -488 899 389 982 349 778 -336 -916 -430 -300 228 603 792 -481 -800 92 815 561 -957 -191 192
824 987 996 599 199 170 -935 -573 -491 633 606 938 494 -53 -565 70 990 214 579 -483 579 -991 560 886 772 -964 819 982 714 -119 -878 -773 200 301 153 852 219 -296 151 -558 209 502 -437 -52 677 -691 127 -309 779 -157
632 63 850 -377 908 -309 599 -952 -945 518 941 -619 594 497 -579 -800 838 -681 -292 -628 872 184 353 -476 -846 -526 -299 345 -357 -693 62 210 809 -866 143 -194 -144 -790 -822 466 -699 182 448 -665 -529 -665 769 678 259 928
857 -777 -729 -359 523 659 -871 27 508 774 666 -162 -946 -351 -826 -123 -787 -74 -288 279 199 763 -658 -473 347 954 310 251 396 -456 979 -954 550 -491 354 -507 385 673 -616 198 27 -698 420 -966 -82 -132 -856 662 -498 551
536 561 -264 -781 751 538 519 870 563 -981 -740 -728 844 258 -344 331 803 170 335 576 -908 586 -552 479 -556 258 -454 -750 -149 -492 441 97 493 116 939 135 -834 -792 324 771 -924 -193 186 286 270 -413 518 -793 696 -206
-500 398 -784 -991 -489 706 808 133 -86 337 566 -775 152 397 -505 -521 -305 58 794 -819 671 122 -68 -741 -837 112 169 61 -180 -501 -650 452 -265 -20 781 -712 82 584 -307 -753 591 775 -940 272 -553 -83 -443 -66 -600 555
344 105 379 660 -169 769 46 -346 381 -857 -635 -441 693 705 413 189 173 -670 580 916 238 -122 -986 -842 -760 -881 337 537 14 -324 616 -994 -555 -718 -178 -884 711 -574 285 55 886 733 513 15 -101 730 421 128 -513 -601
683 -431 259 -512 565 -822 -56 -119 -902 -443 -832 861 986 -189 -911 -415 846 844 -874 708 -372 698 -623 737 98 52 -467 -118 -193 -71 957 -158 841 -177 533 365 142 -522 934 251 -444 123 988 909 -683 44 326 -28 -715 -946
-352 -285 120 345 470 280 508 -84 -166 425 -299 -469 536 580 -161 379 377 843 -196 -198 469 -781 659 -416 415 -367 -504 -275 2 -594 -338 -64 685 799 972 -354 -287 -646 -745 918 8 157 398 328 -905 -813 -845 568 773 868
-522 839 596 -650 -735 -866 -298 891 -210 761 -547 853 -375 747 -120 714 -309 -161 790 -473 186 -291 146 566 489 -908 435 -330 604 -76 -325 -784 -533 383 209 428 999 170 -789 -627 -451 869 -273 -280 -57 159 -940 -960 945 -22
670 -767 -942 -354 90 -462 82 -732 500 828 -874 258 350 -514 -839 389 -5 -109 963 722 -952 -622 67 -427 16 -157 -277 -954 152 -598 -726 567 107 479 -467 -141 216 -996 -339 891 512 329 781 -64 603 895 -109 -516 -869 395
-187 666 -573 33 -275 -147 -348 284 412 -657 -809 -178 -410 706 704 143 44 112 -211 74 361 -543 268 -159 -31 -397 342 -510 938 -330 508 604 -674 -704 309 82 -290 67 -752 -674 146 758 -828 -849 -109 167 -929 -466 -285 12
-963 -448 914 -951 58 -958 211 -677 7 139 -549 839 375 830 -813 -325 544 -476 646 -754 -797 467 -599 -721 411 -502 554 98 -121 -462 -777 -627 292 205 347 777 -469 -743 936 -644 -642 546 168 -955 690 -606 -581 -422 -836 -457
-464 227 768 -351 989 305 113 155 -179 -897 -841 692 720 -149 -794 62 -12 427 -384 -963 -872 -184 -95 -760 -302 -205 -875 -949 -833 547 83 579 893 873 983 27 848 226 -337 -325 -903 -405 -134 -812 345 522 -822 -451 326 -60
-617 148 458 -987 -739 360 596 -376 -511 -225 -84 -24 542 690 -32 73 -620 767 -396 494 116 -996 -700 -988 238 784 -288 664 -288 348 150 -69 475 -417 939 324 356 96 -638 -696 -263 -451 -160 671 309 758 -912 521 419 -100
653 -22 280 -81 866 -968 -485 115 -12 -598 847 543 193 41 171 765 922 894 -127 -186 -421 985 -896 437 -901 -356 -309 64 176 371 703 245 -699 961 -506 -541 -609 -859 569 597 -536 490 -60 261 -78 -712 750 342 -120 -636
596 -643 -791 -506 179 -354 898 181 310 363 -976 -417 -669 -941 756 363 -797 623 -878 -149 -719 520 -449 -895 -335 23 -117 143 989 180 407 144 -156 180 79 -543 -734 894 -356 558 -889 593 -631 -857 -460 35 -999 517 600 107
-884 -870 21 959 -429 618 -336 -386 -213 536 -624 -633 -210 275 -530 137 -817 533 808 -951 -1 -318 783 951 892 -940 712 871 703 -396 -234 570 -487 320 -341 211 395 686 -751 427 857 991 539 -574 86 649 213 -444 -977 185
961 -946 -169 -910 908 816 363 369 -490 -298 445 793 963 -853 -32 223 -363 657 -410 -484 697 258 -948 621 -749 -898 472 358 995 -485 835 551 806 -139 834 -262 815 826 -293 -869 383 -118 787 315 127 151 81 664 -893 -180
-511 810 -823 -626 -947 431 -438 -425 819 341 410 -1 587 -72 352 -357 -879 -786 -846 448 -849 -358 -154 -799 554 602 938 -54 969 -722 500 -695 -882 -741 816 -777 630 15 880 31 -233 952 17 960 -673 -715 -684 -208 275 -693
-895 762 -346 796 -229 -545 554 718 402 934 -307 -63 -745 722 623 180 635 -699 -853 -791 -458 92 -570 752 -523 -392 -302 617 -8 137 -990 868 738 -756 118 157 -261 876 -929 361 -730 702 -819 323 871 120 -291 312 618 -855
615 -773 807 601 -93 -640 985 765 209 510 -481 943 800 169 307 -155 963 666 -523 135 727 643 750 -689 -827 -422 208 -450 767 -973 419 258 643 -830 -780 835 344 597 59 870 533 -991 43 -734 172 462 164 132 905 720
-795 -98 483 96 664 786 58 -569 619 -500 -254 -462 -122 -164 -80 730 323 80 -912 918 -470 -383 -574 748 -227 -974 64 -716 -449 849 607 526 -286 -711 -362 -903 504 847 603 639 814 895 498 52 -284 254 -132 -156 512 53
387 195 -19 668 19 -962 275 934 890 -850 -893 -779 -535 530 -136 -161 -250 225 297 393 660 -585 3 664 -783 618 -806 -67 -579 -963 -460 -303 -813 929 100 -623 528 -655 828 141 975 429 709 79 -399 -229 301 -110 793 -91
-610 -848 26 562 -469 957 -1 704 103 -663 -108 -492 -701 386 769 258 -893 275 333 242 851 -557 -591 906 850 -129 -562 -41 -266 -573 -994 775 876 -321 12 345 -325 793 499 411 -444 896 -754 -951 -606 -64 -815 732 -460 -56
