1167 4181
3227 4966
283 2703
3380 4878
1926 4613
356 2442
439 3425
2691 4791
2081 4832
776 4600
476 3446
920 4285
977 3387
48 858
1685 4874
1620 4784
81 1293
3036 5000
4155 4970
292 2707
91 1228
776 4500
2703 4731
1436 4555
36 2588
1458 4012
398 2419
1946 4570
979 4664
1022 4389
128 3702
1336 4487
629 2953
1667 4110
3327 4872
3494 4870
2149 4920
304 2148
567 3830
216 2293
1240 4138
1012 3440
6 4887
2424 4498
1374 3844
3140 4871
400 2766
755 3487
900 4687
34 826
134 3951
3436 4955
1449 4365
986 3423
1567 4182
660 3177
1293 3793
4102 4987
31 4768
1754 4193
1581 4738
663 3491
2085 4468
2858 4710
142 1479
1277 3767
902 3477
1984 4579
621 2866
2539 4667
2102 4643
1908 4258
1348 4702
2162 4927
802 3146
1112 4557
782 3424
745 3230
3714 4911
3438 4862
4 216
1553 4063
1114 4381
282 2996
191 3086
1997 4734
7 337
2817 4857
2501 4724
426 4307
670 2936
443 4775
104 1421
3644 4897
3313 4824
2473 4772
351 3592
569 2929
708 3420
1061 4748
1959 4294
802 3505
277 3905
3030 4732
3004 4984
485 2795
3059 4738
1392 4010
1899 4366
2110 4530
1680 4920
962 3652
87 3617
4239 4984
967 4301
1196 3696
68 2683
1210 3712
863 4777
1230 4854
199 1746
1824 4778
3048 4980
587 3015
611 4536
549 4267
3259 4877
487 2882
2560 4694
475 2566
1655 4102
155 2953
1938 4453
1217 4538
2110 4531
872 3933
104 3178
1101 3666
501 3779
384 3716
1106 3862
1714 4121
92 2466
1934 4270
27 752
2033 4291
618 4861
144 2185
53 2031
1272 4109
3101 4761
47 3772
903 4929
228 1943
403 2571
142 3105
2693 4705
1732 4117
233 2036
303 2270
143 1660
3861 4994
1085 4808
1678 4439
1255 4475
523 4245
4734 4996
824 3486
209 2640
211 4559
775 4821
426 2433
2361 4801
843 3195
1546 3990
2592 4713
268 4477
669 2927
123 4798
886 3890
87 1224
539 3328
743 4956
3053 4899
2813 4666
1289 4413
4021 4981
1616 4068
2873 4710
1178 3988
1798 4386
622 4969
65 1027
129 1623
894 4464
919 4139
253 2138
68 2849
148 2692
28 1022
5 1795
3933 4954
297 2353
2486 4728
1874 4344
973 3452
174 4224
71 3309
602 3909
1437 4068
6 4446
4029 4970
1681 4173
1504 4902
3101 4892
378 3660
1009 3757
795 4788
1855 4191
188 3417
1102 4086
318 2209
1033 4562
816 3648
394 2923
630 3732
504 4737
3384 4920
3441 4907
80 3079
2246 4411
3197 5000
2911 4734
57 1474
2986 4835
16 1284
138 4537
3507 4877
2877 4773
2752 4673
3105 4873
942 3817
1106 4220
276 2135
1071 3893
683 4358
1650 4659
2838 4683
30 2445
555 4705
725 3583
338 3463
306 2478
32 2810
541 3229
2563 4784
1703 4171
1380 3839
2171 4831
92 1399
140 2156
319 4546
1118 4625
752 4179
1390 3941
3294 4842
2381 4536
66 1137
880 3290
1029 4108
472 2581
417 2419
90 1388
3365 4860
4617 4991
484 3228
32 1411
1696 4128
21 484
4094 4959
2352 4690
1288 4486
3029 4983
934 3555
57 3921
1566 4017
588 3958
4184 4977
38 4037
125 2083
314 2383
676 4666
269 2043
2497 4599
435 2941
2330 4960
2402 4762
454 2585
445 2527
49 852
554 3912
344 2998
182 2194
457 2746
4134 4976
646 3254
600 3251
2895 4898
2468 4842
2748 4631
2317 4978
310 2155
843 3510
2065 4710
30 634
707 3738
3550 4883
921 4093
1194 3837
1286 4664
4164 4964
850 4054
2344 4496
3076 4749
639 4108
1103 4943
395 3090
46 4655
1660 4947
86 1161
3283 4884
1104 3880
860 3245
710 3754
2230 4518
997 3424
788 3248
458 2622
122 1846
1667 4297
419 2896
3188 4927
449 4999
2699 4617
702 3090
368 2403
165 1732
1164 4005
2221 4798
1126 3667
986 4231
1894 4672
3145 4973
246 1981
1505 4502
1422 3966
26 3963
4748 4996
296 2522
1133 3712
814 4130
84 1181
438 3294
348 2290
525 4189
228 2192
1039 4732
536 2781
3433 4858
2454 4705
187 2184
1571 4796
786 3476
1737 4164
460 3975
99 2086
891 4771
1620 4650
2156 4539
737 3660
252 4904
1324 3769
1428 3890
421 4839
42 1401
3525 4903
150 2491
2178 4413
350 2333
19 631
176 2634
2413 4542
445 2718
139 2876
2459 4663
98 3230
3302 4836
2335 4455
2223 4589
690 2995
100 2539
1214 3697
300 3374
1294 4406
187 1797
2159 4754
267 2779
1246 4135
1087 4315
262 3489
875 4034
1698 4175
10 3478
799 4953
314 4999
215 1798
2566 4740
1 47
597 3011
389 2348
21 1180
296 4677
1524 4176
387 4163
3154 4813
1379 3922
199 2201
1276 3716
362 3902
181 3077
2420 4865
842 5000
545 3146
816 3346
1836 4317
544 3035
1613 4067
1229 4036
699 4479
209 4726
1270 4026
49 2911
3242 4938
2887 4765
599 3034
1559 4983
1200 4292
1105 3815
279 3873
2552 4728
99 3378
26 859
34 739
21 1756
2107 4583
2919 4751
539 3711
16 2585
3680 4946
382 4703
917 4257
29 760
1668 4073
97 1736
4224 4969
479 2558
3715 4918
2421 4533
1283 4282
8 2335
3615 4913
423 2802
2322 4465
1548 4348
36 4627
111 1401
1007 3936
3230 4797
112 1712
533 2870
428 2568
2770 4777
580 2768
760 3550
1870 4215
1273 4366
1678 4218
1036 4781
1488 4055
159 1604
1762 4722
1791 4910
2984 4813
1054 3529
345 3149
109 1582
1722 5000
60 3098
655 3221
36 4156
226 1916
1690 4297
132 4240
1275 4421
1848 4919
997 3654
2594 4592
318 3597
234 1911
300 2113
55 1004
1493 3938
1782 4216
222 1853
2775 4646
1598 4458
466 3624
2497 4874
702 4472
1386 4221
2402 4479
468 2534
875 3662
629 2964
47 1031
544 3425
2782 4664
47 3772
98 1497
2025 4510
1877 4303
541 3479
220 2243
400 2757
2229 4402
1334 4506
2533 4811
1020 3557
1697 4328
1 2177
521 4167
708 4272
2862 4683
3690 4912
3279 4843
122 1694
730 3101
3826 4934
78 2397
228 1910
2635 4823
2134 4346
57 2110
1469 4094
2927 4783
162 1708
2576 4569
3079 4906
3202 4873
476 4934
3161 4985
252 2589
1993 4890
509 3616
1218 4113
590 3194
3013 4885
110 1262
4697 4996
3414 4874
307 3170
2662 4841
1050 3726
111 1405
219 3470
263 2015
1015 4046
1191 4366
2360 4616
2484 4523
3670 4912
376 2357
63 1066
1009 3694
831 3330
71 3281
1576 4328
2891 4806
1240 3772
1774 4490
996 4414
263 4466
256 3566
47 772
402 4274
569 4143
8 853
1594 4350
870 4886
1116 4794
1137 3825
1848 4648
1430 3991
191 2318
4123 4971
132 2336
1833 4692
415 2847
785 4642
800 3224
3386 4914
236 3492
1185 4393
103 1297
882 3521
3201 4820
2528 4665
821 4608
3903 4962
564 4762
1619 4171
467 3173
3163 4779
968 3581
266 2025
1119 3831
1560 4001
479 2690
931 4478
21 4049
1463 4065
3106 4802
596 3940
243 2152
2425 4692
2922 4897
1009 3436
2090 4560
2913 4977
218 2109
234 3478
1507 4427
621 3209
664 3939
918 3331
2647 4715
120 4486
642 4614
73 3439
633 2865
2973 4951
1302 3761
3047 4786
2112 4459
286 2130
81 1112
61 1459
213 4188
337 2844
1336 4377
1919 4915
446 2792
2488 4615
79 1077
1476 4312
139 1715
3746 4949
2075 4652
111 1564
2531 4675
2138 4743
953 4802
2320 4584
726 3336
1459 4001
2736 4685
3934 4966
2012 4385
2743 4695
112 3820
820 4295
4735 4996
10 1072
2101 4923
335 3338
1648 4154
4330 4975
403 3696
1 1790
45 3775
2905 4747
386 2488
1659 4820
145 2576
2110 4344
182 2024
1396 3968
1358 3875
1264 4008
2168 4461
3322 4828
2002 4460
1342 3880
3968 4978
2 258
1772 4845
297 2474
2780 4831
380 2385
975 4008
523 3438
929 3587
410 2882
1443 4299
2991 4821
1075 3596
797 3196
1456 3932
1228 3712
159 1742
184 4558
1184 3650
1565 4618
98 2174
761 3955
1935 4236
2453 4502
1970 4728
3031 4790
323 2483
2555 4558
2019 4338
2729 4965
1114 3628
465 2519
438 2470
1554 4447
127 2244
971 3413
1519 4082
1921 4714
514 2930
200 4040
1121 3716
53 3121
103 3676
1288 4243
2693 4682
236 4903
3510 4877
1 160
318 2199
2312 4582
335 3670
2744 4930
586 3453
297 3268
1507 4827
366 2302
372 4803
3195 4899
1644 4142
791 3158
1771 4509
758 3995
715 3162
509 4147
3092 4889
4550 4999
641 3207
524 2736
2393 4560
2701 4616
1889 4627
169 4386
1986 4373
53 1139
91 1478
2184 4676
797 3927
2753 4678
1148 4074
156 3044
1359 4358
2547 4863
1174 4727
167 3755
2964 4778
633 2875
64 3021
3478 4883
3833 4947
2190 4390
149 2273
466 3451
3572 4885
15 584
1027 4559
3391 4839
2550 4877
1847 4294
1567 4373
2695 4636
129 2380
110 3399
1460 4391
1847 4260
4126 4961
750 3411
557 3809
1381 3909
152 2929
120 2349
523 2733
267 2036
3166 4817
1232 3927
423 2593
1174 3688
457 3524
15 509
3461 4865
2015 4467
312 4602
93 3308
199 1858
193 1861
883 4417
926 4289
191 1784
125 2258
43 987
229 4294
15 1425
307 2349
1718 4257
734 3069
1709 4156
1893 4914
2900 4946
778 3227
3726 4908
369 3336
800 3935
1734 4199
566 4402
1432 4099
2420 4732
4346 4977
1545 3986
175 2941
177 1658
1909 4658
188 2920
105 1359
63 4068
192 2547
285 2102
4903 4998
1500 4304
1996 4874
92 1267
928 3457
1841 4699
1387 3850
2898 4782
1584 4006
2568 4850
1493 4374
969 4952
910 3360
4985 5000
199 1858
120 1948
539 3571
579 2928
2712 4700
1739 4951
2637 4595
1842 4187
1362 4016
962 3730
64 1820
2623 4612
147 3281
1574 4143
2778 4658
404 2451
434 2524
3357 4860
499 2595
1659 4148
752 3381
2859 4841
1518 4918
969 3526
2066 4604
822 3250
2116 4402
437 2602
291 4829
22 2223
302 3802
2152 4753
1059 3742
419 3307
357 2508
587 2782
278 2146
1548 3994
133 1546
610 4183
1193 4511
1034 3731
1792 4208
1929 4632
329 2634
765 3365
4092 4954
3726 4927
479 2534
214 2679
801 3840
1000 3859
1995 4978
2587 4568
2272 4870
1520 3961
1615 4084
219 1848
3704 4930
686 2961
2792 4940
1421 3878
817 4310
202 2539
15 515
2044 4361
1426 4493
2194 4447
2514 4867
179 3015
22 528
448 2586
2328 4560
1437 3989
136 1723
3733 4918
3201 4805
1310 3969
3460 4869
3314 4816
209 1847
256 2517
3772 4969
38 1442
2847 4711
304 4651
717 4610
240 3572
130 2271
3937 4970
1240 4631
1003 3675
298 2191
978 3545
277 4103
736 3349
1426 3888
3290 4875
1196 4554
408 2386
1939 4846
38 767
261 2002
1156 4953
3110 4773
3857 4966
844 3514
390 2899
473 4388
99 2537
2287 4773
88 2008
711 3118
2084 4421
4115 4961
3721 4913
1489 4117
2258 4482
423 2594
1318 4472
991 4534
2412 4846
849 4864
133 3761
2309 4434
662 4743
24 570
632 2866
575 3615
4063 4994
2426 4489
122 1655
4331 4978
3020 4927
2254 4430
634 3791
179 1719
74 2792
587 3477
1012 3546
2162 4597
117 3008
117 1616
1535 4389
2733 4789
821 3770
2197 4378
1294 4577
4307 4994
3217 4822
241 3237
2187 4782
743 3175
1333 3888
2240 4408
548 4127
1891 4236
3505 4893
835 4821
380 2797
257 3665
214 1965
1364 3834
158 1539
4806 4998
1608 4052
217 1901
1966 4780
718 3303
3538 4883
4 692
211 3854
109 2671
947 4055
169 1859
474 3643
3916 4995
69 4512
338 2236
1930 4596
1159 4179
399 4072
2169 4458
3103 4835
105 1659
127 1460
2123 4341
322 3506
1501 4528
507 3229
607 3730
2163 4490
1641 4188
943 3371
1873 4281
1144 4033
1604 4219
1218 3905
816 3798
1008 3448
282 2095
335 2312
135 1952
252 1997
3857 4939
1754 4213
445 2644
2874 4955
4603 4992
634 4136
187 2849
99 2426
2377 4575
478 3293
2822 4899
425 2521
417 4400
256 2415
1391 3875
2255 4491
568 4292
496 4580
200 2637
186 1967
662 2915
362 3460
1948 4610
884 3398
1573 4635
88 2310
2495 4948
645 3313
2314 4813
2081 4931
141 3914
104 1406
2714 4638
312 2882
24 986
1474 4700
347 2443
46 1611
1067 4348
866 4448
3884 4997
289 2104
566 4811
2592 4618
142 2139
70 4854
125 1375
23 4897
6 267
717 3135
1514 4580
634 3237
2579 4566
3788 4939
1443 3957
470 2795
1039 4722
3733 4935
694 3089
273 2133
2147 4844
416 3768
250 2061
708 2981
1706 4144
522 2748
1130 4505
342 2551
3041 4818
1491 3948
201 1757
79 1769
77 1992
118 1427
849 3668
1703 4126
5 284
4447 4986
2570 4898
684 3709
274 2061
2832 4666
97 1232
137 1743
1113 3552
1823 4866
3712 4924
3290 4916
492 3202
1364 3864
147 3322
596 2950
521 3468
2462 4521
562 2746
81 1368
907 4096
76 3810
2233 4749
1760 4135
1982 4568
673 4124
2871 4798
438 2730
2807 4934
1069 4230
561 3031
33 2876
22 964
686 2979
2079 4876
825 3470
501 3731
512 4443
1873 4656
1339 4573
735 3359
1899 4239
2810 4662
1235 3704
1761 4287
1183 4426
167 3232
283 2826
672 3403
1795 4612
275 2051
1571 4974
1501 4111
1149 4982
845 3200
175 1816
3232 4974
775 3731
170 1642
270 3290
1027 4309
3255 4874
1104 4248
207 2336
1152 3800
192 1996
1245 3703
28 3568
1272 4198
931 3488
856 3405
2721 4879
147 1835
83 3374
344 4119
106 1261
343 4292
2701 4874
233 2562
1678 4878
2552 4976
1517 4044
297 2428
9 2894
106 2845
3060 4751
250 1975
1273 3812
873 3543
1312 4270
485 3239
1212 4469
1944 4519
831 3824
760 3278
1245 4793
145 1680
1373 4347
895 4923
529 3393
1124 3599
78 1194
2586 4631
3758 4917
1386 3862
259 2037
541 2684
540 3350
1481 4316
208 2891
255 4935
1937 4709
85 3904
1080 3538
458 2494
109 4523
1469 4756
1269 3765
109 2482
1387 4077
2426 4489
2983 4778
2439 4692
1108 4867
3480 4880
3850 4956
1402 4136
3919 4933
1270 4906
1230 3738
1776 4565
197 1965
49 3961
1521 4992
846 3214
447 2466
664 2955
797 3443
1729 4269
1587 4028
495 2707
348 3381
1000 3673
40 759
2822 4729
200 2923
675 4653
727 3022
824 4681
1114 4586
851 3283
142 1459
1111 4399
1982 4303
1258 3794
820 4742
1190 3741
3302 4874
2706 4785
2381 4497
240 2216
3034 4804
3355 4829
2030 4772
94 1288
617 3707
696 3603
1193 4059
117 1935
1198 3702
2891 4690
2732 4813
3556 4891
1901 4300
1056 4222
2239 4496
3173 4797
1052 4153
568 4441
241 2175
3973 4974
4511 4996
62 4492
2213 4822
1535 4599
1222 4062
930 3818
2033 4291
77 3090
711 4123
3882 4945
2463 4617
949 3384
2760 4863
1442 4432
211 4703
3325 4833
383 3437
2602 4839
225 3603
119 1703
28 3702
517 2902
968 3487
355 2580
3078 4799
1073 3675
3043 4873
507 3526
2671 4641
878 3395
785 3123
29 963
184 2899
40 3486
753 4921
958 4972
1691 4575
814 3766
2814 4825
1858 4221
1563 4423
2469 4856
20 3326
94 1516
1307 4841
1494 3965
514 2826
11 1399
356 2857
51 990
68 1244
45 3648
1398 4641
1178 3638
100 3285
1010 4725
711 4554
156 2150
1635 4237
1603 4050
117 3962
1660 4103
1532 4983
1100 3619
96 1544
14 970
241 1974
2892 4714
2094 4899
44 786
3713 4915
705 3692
1169 3646
124 2113
1055 3530
591 3012
595 2824
1 600
1147 4105
438 2580
1926 4980
883 3494
207 4472
1232 4278
750 3147
357 4325
3147 4844
60 1019
2054 4675
817 3292
297 2260
1565 4195
425 2512
189 1803
1803 4938
722 3387
141 1525
620 2853
840 4164
1643 4288
597 3140
676 4019
689 3748
474 3453
2708 4621
2669 4605
730 4810
246 1969
1486 4225
809 4905
1130 4152
340 2509
2345 4523
1195 3785
1050 4685
216 1972
488 2571
169 1717
2229 4522
1808 4816
199 2929
1546 4536
1476 4093
754 3393
1343 3838
990 4337
1195 4595
1388 3877
1271 4515
1436 4113
672 4321
852 3473
1789 4154
28 3727
280 3324
3921 4989
2171 4891
242 2857
63 3224
323 3312
566 3030
1610 4026
2851 4854
2075 4459
1619 4623
1230 3888
2253 4618
318 2389
5 1546
16 799
469 4197
220 2267
3308 4861
1159 3758
1841 4882
545 4113
172 4650
4338 4987
5 331
926 3995
189 3029
424 4539
3041 4893
602 3286
973 3379
238 1979
1925 4461
487 4212
4185 4967
1298 4738
1035 3479
2102 4417
1392 4008
2541 4548
327 2353
2301 4584
2372 4632
645 3543
1154 4582
970 3639
424 2471
746 3071
33 1045
1620 4321
2752 4664
797 3224
3505 4875
31 4731
167 2787
947 4443
172 3473
68 4005
232 2617
2384 4901
1313 3846
4161 4964
583 3663
1592 4887
429 2769
1329 4661
1085 3786
3643 4914
3521 4878
2128 4438
20 545
562 3269
596 3004
2567 4588
30 910
3343 4996
375 4000
935 3765
5 1452
468 4884
1895 4607
635 4674
513 2667
327 4122
198 2099
1288 4759
53 3114
1457 3920
344 2437
1893 4284
130 1549
310 2365
48 1460
1241 3798
1924 4347
411 2490
890 3486
36 2367
1272 4276
866 3624
2756 4875
1624 4074
1524 3981
721 3286
1411 4547
845 3217
3620 4913
2431 4523
153 1936
2116 4333
1651 4378
206 2786
800 3146
1954 4341
1634 4087
5 1863
193 4174
804 4295
63 1056
2981 4751
4315 4978
131 3408
699 4678
1902 4473
423 2448
1446 4662
1685 4276
2960 4780
1948 4647
2785 4760
958 4855
550 2746
71 2081
1270 4470
3112 4758
3448 4864
698 3005
382 2403
1142 4398
1213 4806
217 2270
640 4259
321 2385
1560 4009
1419 4169
1794 4577
213 1817
3 209
212 3694
496 4354
124 1687
831 3190
194 2023
200 2916
1075 3599
497 2935
74 3515
289 2097
388 2955
1374 3882
251 2820
255 2771
3220 4807
265 2313
2388 4607
2142 4423
715 4397
2873 4710
2199 4430
410 2578
2323 4750
179 4817
680 4448
83 2321
3282 4817
1425 3886
1001 3433
61 1359
1811 4168
90 1747
5 245
133 1634
18 3154
1588 4134
540 4945
617 2834
1026 3873
418 3045
1201 3634
716 4809
2166 4391
27 656
2171 4662
433 3693
716 2999
105 1371
824 3783
87 1165
1655 4229
2350 4455
1177 3685
799 4742
2457 4944
445 3734
818 3752
1646 4470
409 3077
126 2603
1260 3719
18 1884
218 3323
2717 4636
478 4991
1182 4657
2896 4809
770 4703
1425 4390
757 3814
2153 4766
563 2739
163 1767
2715 4823
499 2812
1619 4078
585 2782
249 4866
3410 4951
346 4305
276 3713
944 3335
724 3169
1970 4297
2325 4608
3232 4971
3806 4921
6 4887
3147 4799
481 4635
1243 4024
2425 4544
1572 4059
1812 4291
473 2631
154 1658
3706 4920
737 4925
352 2890
1516 4268
1072 4903
1245 4338
1062 3493
28 1278
4495 4995
1111 3550
14 1183
45 2060
850 4918
2119 4372
3389 4880
1250 4354
1687 4632
1411 4482
3506 4872
524 4504
1816 4856
2263 4653
2001 4663
188 1765
298 4071
1353 3822
714 3023
57 1080
1356 3871
7 2100
1152 4043
3740 4922
2486 4695
887 3315
3009 4740
1264 4507
120 1449
3575 4919
877 4042
36 1359
1080 3864
31 4882
616 4748
317 4043
1535 3994
846 3245
1384 3838
724 3382
3301 4991
1770 4540
1608 4921
220 2171
2492 4569
717 3834
1241 3760
235 2214
1643 4091
32 639
2547 4781
1720 4415
2221 4502
568 3140
2327 4911
196 1865
689 4542
722 3168
1035 3479
808 3821
8 452
3738 4934
1889 4277
1080 3530
1343 3807
297 2135
2709 4714
1383 4518
193 3115
299 2224
1034 3497
1081 3957
845 4117
3672 4914
243 3862
156 2203
280 2156
197 2600
869 3610
918 3450
446 2494
93 1446
1608 4775
1051 4153
485 3177
412 2451
168 1607
10 763
643 4285
3125 4811
1266 3811
504 3161
1468 4868
427 2453
2998 4727
3444 4860
2006 4399
4070 4969
1685 4150
353 2598
1176 4563
1563 4114
1604 4568
1767 4185
1583 4021
2114 4767
758 4494
1621 4357
506 2708
1688 4803
123 1512
232 2673
26 1362
799 3167
2294 4517
1443 3903
1551 3986
3383 4873
587 3140
579 3142
273 4141
3756 4914
1114 3695
1168 4832
1498 3981
1312 3785
163 3341
104 1432
163 2487
92 2271
1898 4218
499 2861
822 3582
1264 4731
3776 4926
665 4665
812 3599
2869 4685
394 4974
3377 4964
832 3365
808 3684
68 1251
475 3440
3935 4952
4272 4984
1864 4201
319 3987
400 2566
979 3392
625 2920
1447 4029
213 2498
3028 4753
3015 4743
495 4136
3073 4806
899 3316
466 2580
1 3534
3958 4991
1743 4167
83 2482
662 4877
733 3166
30 2030
194 1770
1934 4980
2776 4912
720 3493
1084 3775
64 2334
4128 4962
2940 4898
1569 4720
120 4505
2410 4753
184 4913
1820 4824
496 2767
316 2161
1040 3831
2224 4401
1844 4257
1583 4270
812 4701
846 3196
119 3685
1814 4171
315 3076
172 2143
548 3258
520 3125
986 4835
102 1619
1048 4735
3823 4924
1652 4235
41 1755
2620 4775
2704 4940
1159 4912
2721 4625
2915 4913
2574 4659
3145 4771
943 4319
4046 4978
678 2965
801 3364
3133 4779
3616 4951
2993 4736
448 4850
1741 4646
4086 4956
3259 4867
517 3075
286 2084
323 2216
68 2695
177 2378
673 4373
1476 4513
678 2966
1086 3643
324 2567
467 2571
932 4478
899 4321
350 3886
118 4821
249 1983
710 3007
416 3505
935 4803
2883 4739
85 1821
1690 4260
1474 4005
293 2200
181 2619
443 2631
977 4955
843 4048
4570 4993
4177 4994
622 4691
6 4881
4593 4998
1210 4309
113 1414
1180 3655
1746 4157
241 1970
1064 4124
83 1136
1406 3871
676 3014
384 4467
637 4409
291 2586
1446 4844
1 4678
260 4314
36 1769
1425 3990
1103 4107
77 1702
2315 4667
4080 4954
100 2860
3248 4853
1599 4226
466 3445
1036 4542
321 4564
997 3427
695 3939
639 2912
1080 3550
1295 4581
3219 4938
2109 4338
1345 4187
318 2496
1921 4889
573 3786
2506 4575
72 2979
1512 4083
382 4306
336 3904
3878 4944
747 3420
664 2923
102 1265
641 2964
720 3073
3226 4796
3105 4815
6 4272
29 996
1 238
739 4702
2982 4917
1556 4266
1293 4281
1373 3842
2775 4995
510 3172
1638 4115
256 2467
86 3082
4418 4983
2898 4807
157 3552
2113 4454
1766 4155
1903 4280
2059 4548
2259 4545
1421 4266
3789 4932
1711 4116
713 4456
3509 4961
1249 4376
428 3419
2660 4603
187 2652
890 3348
1424 4632
161 1624
1751 4177
656 4313
652 4402
2063 4433
4049 4951
739 3092
2940 4810
723 3089
411 2443
171 4678
4510 4993
114 4237
4100 4959
105 1362
966 4976
2347 4456
2500 4531
2493 4725
592 3024
683 3243
592 2896
1423 3883
741 3072
628 4101
33 3192
528 4743
2162 4762
949 4513
132 1385
245 1977
720 3060
436 2580
797 4661
228 3117
1163 4485
710 3754
851 4000
2297 4765
1374 4330
844 3528
315 3762
374 2823
95 2467
2931 4708
540 3210
531 3497
391 2344
176 4000
1412 4013
968 4875
343 3575
3820 5000
90 1395
328 2306
139 1530
546 4615
2017 4669
1242 3789
621 3783
818 3979
858 3637
822 3415
1952 4436
1649 4345
2493 4594
568 3893
53 2121
348 2621
1890 4227
998 3943
953 3555
1004 4413
3050 4983
1420 4323
1725 4188
449 2856
21 3662
545 3721
1727 4699
687 4079
1767 4345
383 3916
686 3992
150 1485
11 674
160 3317
469 3582
755 3930
2929 4737
375 3214
2108 4428
1679 4082
1082 4896
769 3067
92 2282
1124 3562
1644 4381
787 3913
355 2366
2248 4461
3168 4983
522 3870
1227 4074
1748 4376
91 1583
2079 4623
2284 4807
2835 4672
495 4336
410 4936
1620 4107
741 3927
3391 4954
1569 4008
3608 4893
2279 4426
1886 4385
450 2603
2466 4510
719 3132
2192 4409
3665 4939
259 4132
1138 4691
382 2582
2987 4777
4 978
368 4810
1144 3609
2987 4794
2731 4679
51 850
798 3116
951 3990
3283 4949
1785 4172
2614 4624
315 4980
3572 4960
3010 4726
448 2561
483 3723
2978 4880
150 2491
523 2929
768 3524
3268 4851
1991 4268
1257 3818
1449 4220
3273 4805
1361 3918
943 3461
2061 4608
228 2326
1466 4766
848 3948
1012 4972
2941 4755
567 4763
1327 4149
1771 4140
404 2460
2160 4362
58 1366
410 2504
1350 3850
3312 4863
1051 4486
744 4875
400 4674
716 3585
526 2697
651 3392
1471 3925
1421 4780
1620 4253
3128 4895
365 3597
1048 3913
96 1217
1566 4040
381 2540
344 2438
820 4205
1399 3861
2660 4977
617 3863
1168 3861
557 2804
162 2804
533 4047
3659 4966
2732 4749
66 4915
1599 4654
1565 4994
798 4507
110 2132
201 4298
2928 4745
1995 4476
802 4189
1400 4664
1452 3918
112 4380
426 2595
4 742
2775 4675
332 3768
867 3387
1116 4237
1116 3859
1485 4162
9 1638
1662 4143
1 1591
1947 4826
3090 4773
440 2621
1367 3855
253 3603
4513 4985
1778 4725
4548 5000
752 3143
1496 3962
249 2478
914 3340
92 1177
462 3723
558 3317
1761 4515
688 3063
452 3443
424 4370
1508 4029
37 843
673 3240
916 3433
3550 4939
613 2839
21 1807
1450 4050
655 2956
710 3405
2508 4782
933 4256
472 2651
1452 3989
324 4339
826 3489
86 1880
1298 4199
2026 4620
2694 4617
970 3885
4066 4959
1477 3932
1184 3650
518 3848
2744 4765
1537 4727
363 2568
3737 4924
1910 4795
664 2954
50 2494
166 1988
503 3438
1219 4552
145 2204
654 3396
188 2058
339 2263
671 3028
953 4249
1191 4796
171 1797
46 1429
1514 4182
412 3489
3550 4905
3207 4800
126 3330
775 3982
1118 3554
1440 3897
4236 4970
2275 4419
144 1618
497 3985
22 4655
238 1964
194 3915
270 4856
1713 4736
39 788
755 3186
339 2859
83 1138
388 4658
213 3799
297 3711
1100 3572
152 2548
850 3340
1004 3440
318 2358
321 2208
47 3800
1601 4412
1107 4089
2839 4672
3156 4983
106 1464
1900 4350
2313 4525
3556 4996
1529 3977
2813 4788
516 2839
1636 4054
553 2688
705 3200
2770 4965
3141 4827
565 3278
2647 4878
171 1795
627 4257
59 1120
2501 4610
1886 4478
1632 4251
131 3983
594 3636
1855 4285
36 3207
1027 3810
1407 4474
587 4506
2203 4577
2827 4701
1190 3686
1146 4870
2384 4757
547 2775
212 2584
39 887
106 1419
2773 4786
1664 4305
324 2489
151 1545
56 4717
23 507
1714 4422
1053 4345
2642 4790
3395 4885
2507 4766
920 3779
1663 4304
770 4382
1691 4269
1257 3783
2090 4416
213 3157
1064 3521
2525 4663
3253 4817
1405 3871
846 3473
36 1980
618 4567
3243 4828
2451 4939
520 4124
665 2952
179 4951
3127 4845
1719 4129
63 4317
371 2394
750 3539
2759 4960
1956 4582
652 3316
945 3447
342 2710
1546 4333
1654 4112
5 2254
2860 4893
693 4768
293 2187
1374 4925
1774 4295
370 3067
1 4682
2423 4893
311 3026
2183 4849
88 4072
2141 4995
1065 3501
124 4317
1993 4465
3627 4979
1372 4344
204 4060
806 4307
769 4191
1699 4789
978 3401
1094 4258
2903 4733
1750 4439
1673 4087
505 2608
104 2003
615 3011
817 3171
2046 4829
2950 4707
4063 4994
1569 4852
34 959
536 3718
310 2750
322 2240
50 1982
2922 4726
2574 4928
690 3078
3254 4848
1094 3892
2 140
802 3310
3221 4796
2128 4979
1075 3813
2001 4417
427 3887
176 1688
91 2400
1442 4034
592 4715
2120 4764
1194 3962
518 2690
518 3672
1505 3953
928 4622
1702 4236
105 4514
2562 4712
777 4559
4022 4956
1325 4025
2419 4640
249 2215
2311 4706
45 1775
600 4860
1359 3994
842 4898
1219 4607
1 1147
331 2198
602 2937
1306 4884
1170 3661
1376 4832
195 2593
1939 4810
2528 4542
107 1506
2624 4603
1436 4831
4494 4987
119 1955
779 3386
888 3913
359 3023
2038 4959
3348 4931
99 3718
1193 4759
29 1730
3092 4823
271 2376
2415 4965
679 3842
976 4778
1967 4487
3665 4902
2310 4452
295 2093
108 2880
256 1999
1137 3590
59 2663
128 2692
2090 4333
65 3095
1105 3577
3460 4873
40 1425
275 2818
1412 3866
72 995
144 1616
2465 4686
358 4196
771 3180
2720 4645
98 2018
343 2336
2045 4380
2909 4700
33 3181
553 2789
78 1331
1562 3998
2148 4433
517 2905
2371 4488
36 3579
2799 4726
1884 4332
73 1574
1114 4751
95 1888
787 3732
1517 4402
270 3169
4368 4979
4437 4981
754 3104
1321 4730
2996 4754
73 1435
1084 3873
2262 4671
3660 4909
1825 4349
1207 3772
517 4580
91 3047
711 3596
39 782
5 3433
153 1606
451 3475
2139 4640
2427 4588
1829 4427
1618 4159
67 1017
1485 3936
2159 4486
201 1791
70 3355
103 3950
75 1292
722 4266
982 4324
1487 4013
3786 5000
1324 4005
2588 4648
1821 4207
3496 4968
1479 3936
141 2174
1089 4755
4152 4963
438 2769
2592 4575
3550 4939
903 3472
904 4504
88 1152
980 4904
151 1545
2529 4541
466 4327
633 2862
603 3009
170 2408
1725 4186
1437 4610
2136 4427
624 3113
137 1441
426 2508
845 4376
1649 4126
1742 4735
1028 4722
406 4568
537 2792
423 4532
929 3585
952 4853
171 4743
2256 4649
1589 4075
1049 3627
1129 3683
4492 4989
4420 4990
1258 4087
740 3772
534 3209
3341 4895
2441 4611
2703 4769
2635 4615
4247 4972
79 2431
3093 4953
545 2704
3605 4893
1411 4552
2296 4929
686 3048
947 4190
2444 4844
3641 4900
1044 3852
1678 4795
3246 4831
279 2295
921 3460
1603 4479
1265 3697
2591 4877
840 3281
4148 4963
1925 4235
1041 4884
2339 4609
757 3223
3877 4978
394 2580
1 1899
1940 4275
319 2191
945 3388
105 1347
582 3605
1223 4948
23 1529
129 2111
1260 3773
1702 4136
2548 4596
3851 4962
561 3562
3132 4826
2546 4713
977 3481
2151 4745
405 3030
847 3445
1092 3532
1983 4475
3779 4928
2941 4747
1298 3851
1009 4899
1193 4550
1548 4403
25 3304
427 2480
1353 4540
1119 3631
1567 4811
69 2318
117 1352
1577 4850
1606 4870
889 3540
1365 3811
1308 4332
820 3700
375 2348
2949 4733
128 2805
415 3351
2324 4457
264 2635
4313 4994
478 4969
421 4933
1416 3869
1726 4388
1060 3491
889 4654
833 3925
908 3332
74 1211
1219 3671
577 3542
164 3498
3627 4915
2296 4863
131 4032
1429 4550
25 2840
21 4508
2435 4717
3612 4953
2842 4955
13 495
1083 3655
2488 4893
2246 4592
47 891
979 4010
97 1204
1757 4941
192 2020
61 1155
1212 4884
1765 4919
711 3065
457 2614
2419 4948
748 3124
2589 4653
1080 3517
428 3009
768 3184
154 3734
156 2512
662 2915
286 2523
1075 3524
109 1451
1763 4805
4925 4998
290 2116
2130 4757
1885 4314
2812 4956
110 4753
489 3123
562 3752
2980 4882
940 3377
526 4723
632 3414
1033 4862
70 1361
770 3207
842 3192
1881 4373
1198 4082
2238 4411
1113 3797
171 1898
535 3256
1007 3496
289 2103
97 2273
12 642
8 2532
2497 4712
310 2774
346 4884
412 3085
105 1438
1021 4719
891 4781
2140 4905
1476 4031
1070 3502
2068 4621
1209 3882
1023 4357
863 4770
873 3565
136 3659
87 2960
1511 4783
1406 4674
2136 4494
1101 3866
506 3223
851 4720
393 2577
95 1371
327 4515
378 4674
90 4138
203 2568
3845 4926
1060 3895
4646 4994
2277 4854
662 4053
799 3233
1649 4065
2362 4584
978 3648
1147 3776
3549 4927
96 3581
3347 4909
1503 4143
1728 4721
2619 4598
1216 3911
1921 5000
1799 4200
57 888
625 4004
1013 4078
577 4475
202 2228
1834 4250
2814 4907
549 4271
72 1687
2385 4957
2393 4482
660 3587
91 4254
165 4126
179 2809
3499 4943
307 2160
645 4246
1009 3490
127 3433
3094 4840
160 2255
904 3343
2957 4849
2154 4375
98 2189
61 3652
943 3803
231 2230
19 4274
2216 4740
529 2672
4041 4958
568 3244
633 2904
496 2623
1084 3887
508 2793
226 2439
537 2846
222 4656
286 2492
678 3102
2261 4415
170 4843
1659 4721
1637 4378
195 1858
86 1432
451 2611
367 2388
366 2322
1854 4808
340 4859
754 3573
98 2185
2618 4823
893 4747
2252 4743
468 2656
459 3032
1548 4296
174 3912
3312 4862
193 1784
1176 3628
1110 3893
37 739
240 2294
1316 3853
3351 4984
854 4818
537 3323
4280 4990
1911 4225
2724 4731
3002 4934
225 3059
1835 4196
116 2988
818 4229
187 4659
1630 4052
461 2786
259 1999
4207 4972
1130 4919
189 2475
1104 3999
2021 4303
196 2735
2435 4703
3434 4985
64 1301
217 1829
1347 4030
1758 4618
548 2693
139 2033
382 3175
579 2968
673 2954
3606 4958
4 788
1826 4481
719 4948
4715 4995
478 4969
1023 3452
3131 4813
1121 3889
957 4201
1117 4509
1053 4476
1203 3633
75 1078
321 4104
929 4925
2188 4511
211 3837
29 3022
228 1895
1670 4855
2168 4774
2021 4318
787 3177
864 3564
1051 3481
2127 4581
2441 4695
780 4122
483 3289
1852 4192
1084 3997
2264 4674
1107 4900
1688 4075
2244 4714
1871 4919
1300 3998
4390 4995
1025 4363
110 3315
1326 3777
802 3181
1864 4907
875 3468
565 4128
1807 4335
304 3006
738 4930
43 3672
161 2635
3680 4930
1168 3704
1380 3880
145 1846
262 2016
1794 4210
829 3334
2095 4348
2899 4869
3748 4932
813 3404
3577 4927
1242 4884
137 2668
203 3202
207 1914
578 4715
1020 3861
2253 4809
1901 4681
1992 4680
3573 4950
2165 4668
562 2989
468 2518
212 1866
305 3667
3644 4946
1576 4540
1495 3944
895 3303
385 2678
420 3963
1887 4789
1016 3441
1720 4149
353 4501
1568 4126
1522 4121
317 3167
122 1350
614 3330
1390 4300
960 3633
166 2137
270 4110
2218 4744
3337 4911
1744 4381
1329 4613
44 1319
1842 4314
1239 3753
1855 4706
3579 4996
1077 3601
2186 4751
230 2225
1222 4262
1179 3756
20 1213
1921 4241
565 3789
49 809
450 4055
954 4499
1768 4159
909 3342
788 3440
1259 3787
63 1487
619 3647
572 3210
421 4827
2095 4410
1677 4426
1216 3675
310 3164
2228 4579
3437 4964
413 4929
4289 4975
420 4063
501 2711
1560 4019
968 3535
2141 4414
136 3622
1594 4348
206 2363
4 1320
3281 4807
1480 4397
19 444
2131 4639
1887 4544
83 4718
798 3608
25 1558
118 1396
1059 3694
1230 3947
1854 4643
3479 4911
1942 4831
1128 3834
753 4263
17 779
555 2893
1740 4173
774 3420
274 4947
33 1138
325 3287
1667 4834
1767 4678
3318 4839
2787 4789
208 1791
3644 4903
967 3465
771 3757
2173 4748
643 2889
1190 3715
2206 4576
59 2727
157 2934
882 4139
2524 4542
169 1824
333 2255
2118 4382
2943 4713
1971 4348
2676 4770
841 3229
3613 4928
116 1752
4057 4968
1755 4750
2269 4717
420 3694
3319 4821
1705 4494
1264 4711
2023 4579
2374 4875
1553 4677
218 2473
306 2992
909 3371
961 3528
1386 3993
185 2541
33 1117
344 2268
1408 3990
1181 3825
3606 4969
622 3023
1906 4893
1246 4160
2991 4973
32 663
3031 4746
10 3149
715 3493
489 2624
2531 4579
1062 3623
3852 4931
10 3224
1789 4690
2360 4692
3190 4885
771 4143
38 689
1913 4289
567 3042
2139 4355
91 1550
2725 4862
1171 3650
3430 4996
879 3505
2252 4772
1173 3720
91 4604
2066 4389
941 4691
3482 4996
284 4497
4612 4998
326 4979
385 4691
1422 4277
758 3091
728 3076
2860 4677
970 3562
155 3238
2057 4359
988 3791
265 2136
32 1763
307 2330
686 4925
1113 3797
565 2781
835 4578
1213 4161
439 2596
2564 4794
193 1773
2740 4740
300 2463
1357 4697
409 2513
3668 4908
1539 4030
784 3631
2220 4487
3028 4752
2611 4903
1827 4183
1285 4592
2125 4427
3419 4876
723 3554
153 4421
1684 4242
1882 4430
1433 4435
268 2083
521 4703
256 2325
1122 4381
2356 4853
249 2242
1508 4003
1157 4804
162 1680
577 4671
1278 4723
486 2728
1036 4846
917 3294
1090 3529
540 4272
208 3505
59 4274
3925 4954
2456 4779
401 2733
437 2484
3819 4964
347 3189
71 994
873 3273
548 2886
2499 4602
2382 4610
1436 4631
1405 3975
387 2701
904 3352
2524 4613
35 1119
388 3413
308 3259
57 2359
2361 4503
132 4365
3869 4933
3070 4890
626 3023
508 2799
348 3345
646 4777
533 3485
516 2613
1880 4233
1489 4725
121 2520
3034 4755
2149 4356
405 2807
242 1914
1199 4431
3661 4904
124 3845
62 1151
278 2922
541 2875
1016 3717
2049 4315
375 2568
1301 4461
479 2723
602 3366
1149 3643
968 4209
1069 4576
2752 4796
261 3478
4613 4997
202 2506
2134 4648
2724 4731
130 1439
1 190
2123 4712
587 2849
2358 4621
12 847
1392 4956
2624 4595
2500 4745
567 2863
568 3574
2342 4741
216 2692
542 3458
1065 3558
804 3279
623 4622
1690 4347
14 542
317 2332
2823 4664
1260 4726
787 3147
538 4399
988 3489
2234 4851
1341 3891
710 4302
1329 4479
1516 4960
2250 4947
580 2973
460 3627
2048 4776
395 3495
136 2611
292 3199
1427 4175
1559 4814
333 2196
1402 4368
293 2770
3391 4919
544 2922
2 127
1298 4081
127 3132
1233 3689
1021 4840
4489 4998
134 1422
1014 3984
3914 4948
2388 4481
3950 4963
765 4140
231 1879
23 2000
1072 4685
3093 4761
2464 4537
1880 4867
1144 3623
2640 4659
1072 4310
549 3540
1770 5000
1437 4896
2231 4745
923 3320
1411 3982
682 3800
938 3655
2049 4911
706 3022
379 4699
118 2239
46 4064
1026 3722
503 3225
1426 3956
473 2867
1265 3719
2433 4724
31 3321
645 4895
1037 4743
380 2378
27 2191
407 4189
1271 3751
119 2432
859 3242
1595 4723
1092 3949
3952 4992
1824 4575
306 2276
380 2543
214 2838
524 2682
980 4229
1664 4088
1757 4330
620 3932
868 3391
413 2414
2015 4804
3038 4791
1482 3927
2287 4773
130 1444
1807 4372
484 3442
812 3388
15 2077
279 3073
3013 4901
836 4631
2174 4527
593 3860
383 2403
361 2513
288 2439
1604 4020
303 3325
116 3331
1035 3674
90 4323
211 2602
662 2918
227 2147
1144 4031
331 2228
890 4322
1327 3821
2516 4761
2498 4682
138 4644
298 2226
2387 4500
2786 4892
1344 4644
181 1848
1636 4643
2557 4869
2410 4867
177 1645
433 4252
696 3643
295 2117
531 3870
536 3685
1415 3873
846 3463
1098 4290
526 4079
3290 4886
1091 4799
813 3387
767 3101
1627 4216
1737 4132
1155 3657
842 3221
510 3666
22 631
603 3209
376 2564
2254 4702
574 4877
385 2337
487 3785
2238 4535
245 2412
1313 3813
1113 3792
357 3381
4019 4963
2666 4737
160 1684
447 4266
1850 4310
1741 4156
4014 4962
433 3021
1009 4159
122 4980
3445 4869
110 1324
1050 4193
125 1436
202 1866
1984 4867
2483 4517
727 4975
554 2949
1327 4028
1289 4030
1727 4659
2164 4447
3552 4883
137 1877
1291 4112
90 1180
1315 3785
939 4562
2425 4756
1 2528
1921 4877
750 3345
442 4358
1158 4597
332 3408
2017 4298
1199 4196
1236 3752
2323 4438
2580 4619
87 1334
1 2938
2165 4410
239 1923
287 3540
1143 4459
274 4588
317 2195
2685 4661
438 3978
1357 4015
1378 4370
1718 4104
58 4011
2911 4753
70 1169
4382 4980
880 3463
170 4412
550 3299
241 4581
993 4942
1451 4055
1060 4661
3019 4787
546 2698
1690 4534
537 2690
2726 4745
2479 4658
103 1651
381 3154
861 3464
7 757
20 563
1105 4688
2717 4648
554 2901
2202 4619
1025 3458
2145 4422
3906 4967
2711 4730
312 4521
1579 4051
560 3123
421 2410
1766 4184
124 3862
1643 4974
870 3423
1351 3811
780 3198
3846 4971
2195 4728
570 3093
821 3577
174 1688
2328 4465
559 3546
875 4630
1230 4656
491 3382
57 868
2491 4678
355 3478
539 3888
25 1276
182 1754
911 3324
607 2831
459 2548
781 3298
2735 4736
119 1952
25 2086
2595 4638
393 2451
33 2864
4516 5000
1276 4112
2788 4671
1912 4235
2867 4678
452 3882
2517 4581
129 1853
1424 3883
988 4365
751 3387
831 4844
2383 4667
2015 4314
1070 4925
66 1190
2195 4714
562 4089
267 2110
1592 4553
122 1525
6 804
1551 4580
264 4277
3185 4860
2917 4703
296 2126
521 3094
27 656
2635 4800
1028 3645
25 2031
3805 4984
303 4252
742 4369
1314 4042
1120 4395
296 4643
1997 4574
625 2865
464 3090
169 4467
350 2293
589 4798
34 1674
396 3880
184 4231
82 1539
2526 4553
24 619
730 3505
3523 4915
892 3306
2908 4762
443 2568
576 3150
956 3363
1216 4121
260 4314
1409 4024
1856 4669
357 2259
181 1858
275 2122
3749 4921
4606 4995
642 4065
1526 4265
1555 4777
989 3501
754 3836
1072 4597
1083 4835
964 4024
1236 4658
245 1965
15 1546
182 3102
873 3273
2309 4504
875 4252
25 598
189 1740
254 3712
736 4438
2521 4587
1729 4601
1367 4080
1630 4828
409 2490
2359 4497
20 1126
568 4087
1347 3895
1383 3932
2406 4494
4481 4988
1501 4005
8 391
427 2488
241 4809
11 477
1384 3853
376 4728
653 4214
124 2324
137 2733
705 3999
2532 4696
780 3555
3154 4982
582 3196
3410 4886
1385 3871
994 4784
274 2565
1340 3938
1752 4406
4 454
996 3697
292 2296
3468 4960
4029 4951
350 2247
1601 4878
1518 4191
846 3285
2038 4451
166 2173
784 4225
762 3670
3633 4980
360 2318
3362 4948
702 4156
1241 4529
142 2897
1923 4243
250 3547
2848 4678
152 1746
741 3528
1061 3681
1186 3770
1462 4691
2171 4478
2130 4662
116 2301
2822 4771
213 2937
462 3455
2314 4665
2496 4782
1924 4343
311 3265
1634 4349
284 2091
2435 4560
1675 4744
2022 4916
241 3647
3817 4965
2276 4556
766 3101
1672 4852
2099 4824
3942 4950
3109 4965
1681 4309
630 3636
1526 3965
2753 4655
390 2387
410 4558
1044 3700
53 4569
452 3957
1767 4226
1112 4600
107 1665
1444 4014
4337 4986
1902 4415
2399 4502
1165 4696
32 648
4115 4956
64 2223
3159 4814
322 2179
152 1555
3164 4778
3581 4902
502 4311
51 1189
1051 4230
482 3336
43 1531
2394 4502
191 3698
594 3726
310 2626
6 4690
1383 4511
117 3767
2197 4384
223 1898
2423 4822
4629 4993
177 2081
23 2084
546 4790
446 3678
2168 4376
741 3765
74 4365
1965 4627
849 4520
1576 4193
743 4003
896 3371
2691 4774
533 3893
332 3821
28 800
3 262
1988 4281
2899 4902
3 216
1418 4028
3715 4923
13 1580
834 3198
139 2022
1749 4151
6 4532
257 1985
657 3446
3122 4830
2239 4433
3501 4897
1831 4344
539 4850
1587 4061
3440 4932
2498 4971
80 3449
467 2940
2033 4582
14 370
1345 3895
797 4235
260 2727
1572 4599
313 4878
1118 3571
250 2806
1100 4459
631 3268
3197 4843
2038 4313
309 2430
968 4705
904 3481
56 1144
1818 4769
569 3235
3598 4898
3611 4970
5 1520
1348 4154
256 4404
3023 4773
3308 4877
3552 4951
909 4688
4578 4993
6 3966
279 2364
284 3205
1699 4658
195 1971
278 2324
343 2367
412 2446
808 4538
2586 4634
591 4800
636 3124
1014 3450
16 2963
1678 4142
424 3228
1783 4362
3972 4963
1253 3978
1110 3559
2 173
3449 4860
2066 4903
760 3328
550 3490
3147 4831
1119 4026
80 1403
1 248
258 4278
366 3495
1182 4811
2504 4533
431 4690
819 3545
5 1185
30 1336
236 4656
928 4575
2061 4419
413 2465
344 2703
758 3169
382 3158
559 3852
951 4804
1794 4173
746 3171
3270 4873
1063 3659
2153 4358
3252 4974
885 3979
7 372
335 3025
2158 4694
51 1812
1120 3624
82 1874
983 3427
2660 4834
1529 4074
174 2312
143 1880
1205 4219
1708 4242
1836 4183
374 2559
641 3922
2572 4591
2498 4748
954 4941
3424 4941
366 4506
2896 4917
4628 4991
274 3757
3283 4884
1636 4054
1890 4623
31 4229
1260 3894
1346 4366
157 1828
592 2825
1832 4309
178 4240
25 2888
186 1709
1106 3664
757 4843
2527 4846
767 3525
1993 4558
463 2538
14 810
518 2891
853 3324
2893 4766
1871 4221
504 4201
273 2044
2153 4769
1589 4773
383 4910
1244 4151
1269 3709
2535 4570
328 2487
29 645
1907 4777
798 4002
163 1994
1254 3774
1388 4660
367 3013
1155 3922
1445 4338
238 2505
361 2502
1439 4547
426 3563
3893 4930
3092 4763
3774 4970
319 2241
1368 4167
38 3929
3156 4786
3620 4913
3063 4805
198 2047
3121 4875
953 3460
1233 3784
1861 4985
144 1897
2917 4955
429 2647
3481 4870
3823 4980
4560 4992
580 3079
2150 4897
728 4351
2179 4490
1013 3816
2190 4469
48 4385
2226 4737
2438 4732
3155 4917
2644 4614
2075 4366
1 418
357 4803
1216 4706
841 3217
799 4157
1022 3887
1500 4747
1809 4457
457 3817
1255 3749
715 4909
60 3115
2070 4386
155 1528
1964 4956
1111 3624
1076 3921
3150 4811
313 2972
2729 4738
469 2986
788 4285
4246 4978
1924 4806
632 4595
1467 3922
2916 4759
509 3878
232 1892
1434 4120
202 2345
3327 4858
720 3076
613 3797
82 1129
480 4894
184 1856
1711 4436
983 3441
63 2088
531 2670
1372 4039
26 3719
843 3385
992 3499
1852 4242
540 2827
1245 3710
4412 5000
759 3059
401 3427
245 2052
819 4377
196 2036
1088 3587
4556 4994
2514 4541
3234 4871
299 2411
3320 4965
2689 4612
986 3416
889 3274
819 4688
523 3078
594 2806
949 4737
2682 4977
709 3247
3137 4780
409 3461
351 2626
426 2752
787 3390
2663 4850
318 3442
823 3975
715 3488
653 3417
1764 4298
3030 4842
1861 4455
847 3515
763 3592
2689 4678
97 1717
381 3435
33 736
394 4355
107 1695
205 2115
236 3308
49 846
125 2958
3994 4959
4139 4960
166 1733
2821 4687
1641 5000
1765 4608
989 3727
800 4774
852 3266
559 3389
1453 4888
1113 3736
1411 3872
402 2472
4048 4949
659 3229
972 3416
40 1186
105 1364
158 2880
23 561
3289 4903
1270 4285
1313 4462
366 2526
2809 4675
1044 4263
3174 4935
1108 3698
1826 4224
152 2904
1083 4828
2533 4695
429 2648
1370 4976
869 3423
846 3420
980 4255
1194 4074
971 3516
2193 4621
775 3684
2141 4368
349 3775
233 1954
418 2534
771 3239
182 2672
503 2739
1459 4243
1676 4817
545 4850
49 849
44 739
30 2859
1514 3995
1451 4286
1945 4376
6 4803
297 2491
138 2128
3122 4945
1895 4235
1161 4240
3581 4893
295 2951
142 3240
1024 3444
213 1859
1954 4276
45 3904
405 4735
56 1070
617 3070
653 3109
734 3299
653 4969
440 2871
917 3358
694 3071
710 3141
2098 4476
559 3829
2460 4571
3977 4963
2416 4629
1702 4313
59 932
959 3635
2641 4595
653 3260
36 2189
225 4703
520 4605
2305 4894
487 4344
4077 4982
1819 4170
1926 4408
553 2805
250 2061
84 1149
1454 3937
2381 4499
10 307
2872 4895
2454 4928
1703 4452
904 3783
3169 4791
954 4007
535 2719
2134 4342
1315 4864
3182 4819
242 2194
2134 4638
133 3365
505 2708
1330 4948
255 2553
1997 4367
1225 4201
3827 4983
890 3240
475 3093
30 2448
134 1487
541 3479
374 3677
1400 4237
298 4453
232 3264
1490 4938
3636 4946
287 2255
1100 4031
889 4760
1949 4401
435 2527
2384 4512
2849 4891
434 2570
976 4583
880 3292
1200 3638
36 4562
945 3387
4597 4991
10 367
251 4237
3333 4910
604 2813
1075 4138
1205 3830
361 2738
114 1576
2695 4616
1267 4160
2640 4995
2314 4685
1283 3988
158 1725
484 3424
600 2817
1002 3563
135 1785
2665 4838
839 4855
493 2740
3166 4916
529 3763
3269 4991
1567 4001
4661 4995
981 3753
461 3189
970 3938
520 2851
123 2561
199 3846
1953 4483
183 2450
3030 4740
448 2652
92 1228
709 4862
1138 3659
1472 3976
1587 4054
206 2909
26 3008
84 1186
1700 4132
411 3743
634 4144
106 1261
1565 4012
3305 4816
171 3447
2357 4949
2858 4816
809 3439
1465 4707
1450 4177
779 3430
1394 3966
780 3194
892 3320
1171 4318
2540 4564
168 4006
683 2955
1458 4861
2066 4391
1939 4755
304 2170
2190 4559
1584 4850
2352 4454
422 3335
1485 4397
2242 4521
175 1684
1164 3955
3775 4927
3625 4942
46 1251
111 1372
1720 4147
863 3260
76 3551
2718 4739
3225 4882
3345 4850
3546 4884
35 3011
80 3158
1877 4698
1471 4070
1485 4140
3528 4926
212 2742
805 3152
1750 4643
2756 4707
2237 4438
1423 4280
2193 4938
78 3605
485 4257
98 2396
1097 3543
674 3013
53 2806
65 1190
1394 4019
1672 4578
3431 4927
2767 4654
1320 4694
15 654
41 1074
2600 4640
285 3455
506 3171
1580 4400
2429 4493
515 3388
445 3029
2663 4879
4011 4978
1722 4961
237 2335
1717 4826
2445 4934
206 4965
2276 4489
1590 4061
277 2877
1002 4429
545 2805
526 4909
231 1946
1785 4198
215 2084
53 1033
1514 4159
1231 4358
1140 3939
3309 4829
93 2756
946 4131
972 3467
73 1183
2853 4678
3706 4950
1165 4495
134 3302
1257 4346
249 2431
1812 4530
38 1775
183 1978
573 4886
2346 4494
567 4118
1298 3828
743 3119
1580 4453
976 3519
810 3801
872 3277
7 319
748 4156
185 3271
3680 4904
1881 4725
690 4889
2083 4917
2629 4682
3078 4759
385 4254
297 2953
1741 4189
1534 3986
1402 3905
2020 4571
856 4320
49 920
3039 4921
1709 4308
1506 4601
1357 4554
951 3378
2867 4946
1469 3926
243 2765
523 2954
2831 4980
755 3090
1973 4259
633 3799
251 1990
260 3779
111 1302
3479 4882
3059 4764
1086 4608
1198 3926
2385 4892
532 3306
20 514
338 2387
1055 3709
367 3889
127 1619
1007 4025
540 2916
2938 4741
120 2766
873 3281
678 3687
157 1736
703 4500
471 4509
3583 4886
1965 4639
652 4748
1866 4258
3173 4806
255 3843
1101 4936
2797 4799
862 3380
314 3164
3534 4883
398 4343
2986 4754
1919 4980
3045 4782
765 3132
734 3316
1788 4683
155 3494
3268 4975
445 2992
325 3116
1629 4643
3385 4957
3407 4862
71 1064
2256 4468
1189 3978
320 3082
1853 4820
430 3008
1820 4291
2528 4967
1702 4111
1215 4412
2418 4657
1804 4327
3856 4970
2571 4568
2316 4869
1980 4668
1054 3484
49 819
51 1250
3036 4972
1666 4960
2317 4824
125 1561
434 4038
676 4846
24 1608
1238 3737
255 1985
180 2905
745 3485
3612 4892
84 1652
181 1693
1187 3658
199 1823
984 3405
3396 4864
254 2198
2814 4958
1504 4089
1737 4172
4234 4971
3208 4809
248 2010
1948 4252
2626 4584
271 2871
447 2502
1767 4138
2393 4646
310 2785
1272 4727
543 3102
514 2725
904 3893
1256 4043
58 1402
710 3920
1770 4390
1118 3655
4289 4975
3349 4890
2605 4685
1310 3946
2269 4565
2044 4430
819 3409
1525 4551
3269 4824
1086 3578
2261 4571
778 4980
443 4166
27 581
1677 4538
170 1782
1546 4908
346 4481
287 2124
28 1964
1668 4720
1867 4348
1365 4442
505 3422
2185 4852
816 3174
475 4117
3350 4828
1941 4481
1032 3871
1165 3864
940 3799
428 2438
463 4781
9 323
2388 4502
685 3173
555 2735
1196 4219
517 4707
406 3127
1702 4141
1059 3684
237 4420
1639 4495
1330 4288
686 4737
1839 4200
765 4482
1980 4361
381 3733
2323 4471
815 3155
253 2950
30 712
1813 4543
972 4180
1415 3916
1331 4687
938 3771
2491 4958
185 2032
153 2441
2063 4830
1464 4204
551 2947
249 1973
1641 4055
897 4718
545 3333
216 3788
1661 4060
2002 4462
1807 4353
772 3134
616 4401
764 4894
1051 3568
2076 4318
540 2943
1650 4095
1458 3922
558 3178
274 2051
115 1334
1141 4564
745 4051
3798 4919
1433 3937
4299 4974
178 2232
3384 4991
1519 3972
675 3560
189 1791
2784 4650
1764 4501
670 3691
1170 4708
200 2120
173 1951
1017 3665
3260 4932
3184 4850
1169 4206
2727 4799
1041 4695
2913 4835
166 1604
555 3240
3703 4915
303 2312
285 2156
3685 4919
1387 4954
1718 4113
906 4323
830 3652
1259 4081
3475 4917
1133 3709
97 1588
1379 4014
360 4594
328 3025
822 4528
2609 4602
3249 4814
3258 4841
25 1703
2041 4458
1013 3499
92 4311
2347 4479
2067 4310
2287 4569
939 3523
306 2174
716 3037
1157 3642
3753 4934
2204 4389
2268 4768
1019 3831
1049 4453
144 2576
853 3748
871 3720
1390 4560
34 2494
3164 4815
2575 4559
1676 4758
1107 3930
559 2807
676 4674
3564 4992
9 698
640 2967
3823 4956
1354 4924
233 2158
2227 4603
782 3663
150 3641
3925 4942
2122 4350
1496 3931
121 1768
342 4105
213 2040
1508 4149
3245 4801
2316 4441
467 2674
2944 4707
604 3045
12 547
1451 4935
1803 4509
234 3574
241 2283
545 3620
106 1740
16 471
3617 4931
900 4627
2922 4867
766 4247
875 3616
431 3016
1541 4171
6 633
4390 4990
1061 3495
129 1684
96 2080
1842 4192
379 2674
796 3192
2004 4324
3097 4833
439 4599
2201 4435
114 4251
3473 4868
138 4808
735 3018
608 3040
228 1919
1287 3833
1902 4487
67 1389
1808 4388
535 2989
1049 4862
58 1132
269 2508
1901 4979
668 4072
1379 4032
4715 4996
615 2840
1535 4009
2081 4725
522 3963
839 4251
487 2606
2372 4957
1996 4933
635 2856
1973 4435
2060 4782
1116 4748
2470 4525
226 2313
2923 4722
200 2073
3906 4938
961 4447
673 2941
454 2602
1001 4117
2815 4853
517 3632
1856 4203
75 1341
2836 4766
593 2881
40 4256
4979 5000
1630 4052
1789 4834
190 2308
3635 4907
316 2435
421 4756
210 2644
179 1682
2047 4751
410 3940
2051 4321
1073 4204
1216 3697
972 3796
2073 4532
19 1605
1694 4166
974 4700
1649 4250
153 4969
163 2024
631 3614
522 4359
232 3936
1097 3922
1401 4011
274 2730
3909 4948
87 1159
818 3431
654 3074
138 2918
515 3386
2475 4656
216 2316
144 2063
3776 4916
2234 4959
1583 4283
3689 4983
235 2460
1573 4754
2764 4821
11 754
4046 4959
1096 3758
1088 4045
217 2278
954 4007
215 1828
409 2525
467 3431
1572 4044
1722 4119
1839 4758
2011 4742
158 1766
319 2236
699 4647
1450 3948
279 3806
4089 4959
1695 4148
479 3384
342 2250
330 3593
620 3155
1537 4503
1956 4995
888 4115
322 2406
2197 4403
3489 4905
125 2597
2250 4701
1989 4637
1665 4060
265 2057
2065 4378
1266 4092
2961 4990
1079 3509
737 3288
1879 4778
900 4706
974 4103
1569 4486
641 3330
3171 4781
726 3692
828 3613
1841 4897
361 3010
1950 4268
993 3424
2765 4719
1053 4626
35 3570
620 3425
1095 4183
22 1072
947 4725
917 3628
2148 4671
3015 4743
3553 4983
288 3266
355 2353
230 3668
1546 4714
1668 4653
283 3068
5 278
2668 4866
3181 4824
938 3498
992 4145
211 1872
1588 4850
1999 4345
1065 3963
628 4005
101 2063
1072 4325
109 2798
1923 4231
1144 3928
1436 4345
2964 4832
2418 4680
67 3892
2324 4717
918 4957
2006 4721
330 2194
23 4937
1778 4637
732 3062
320 3579
1940 4357
