84 722
73 477
23 827
248 807
230 868
184 725
424 943
338 870
3 633
369 893
532 967
70 460
19 473
281 818
239 745
530 975
23 372
351 849
124 953
399 869
508 939
966 1000
57 639
297 794
34 362
261 762
169 717
437 885
793 994
119 610
221 714
90 778
104 972
460 912
343 927
5 905
5 738
51 828
149 723
39 705
19 879
477 917
264 839
260 971
601 963
4 347
42 381
854 994
78 998
249 960
17 429
19 359
94 687
98 587
243 874
61 481
291 798
137 700
691 993
443 926
19 955
587 949
214 941
195 692
621 961
101 560
166 907
739 988
506 939
125 638
291 996
417 904
5 147
417 919
117 697
131 996
278 832
22 898
403 880
606 958
72 784
8 155
614 959
195 680
496 969
173 859
368 969
43 901
376 871
564 939
167 648
586 996
6 684
405 867
234 897
223 803
480 903
231 810
724 988
268 890
905 996
381 869
115 599
126 661
319 895
45 598
277 966
549 936
108 557
299 803
619 961
137 802
195 689
164 639
368 937
34 352
326 851
170 785
21 475
333 829
50 411
51 663
436 990
440 921
169 645
423 878
684 983
323 935
30 735
156 630
26 384
226 792
117 995
115 868
381 886
17 539
104 930
15 475
276 820
4 159
55 620
1 267
43 378
160 679
210 706
116 603
324 893
18 378
195 910
598 951
205 813
190 894
647 990
42 726
790 990
871 999
40 486
22 416
379 954
309 919
513 985
113 654
9 589
84 522
228 738
295 835
271 967
575 946
122 603
87 928
163 822
290 948
115 606
27 551
80 533
514 924
1 302
186 735
116 945
37 649
105 540
323 813
594 975
17 292
462 914
281 859
7 928
7 527
62 555
104 725
668 974
7 190
36 347
231 820
112 619
22 312
25 295
474 932
23 278
216 718
202 710
450 909
219 803
26 325
46 518
120 665
311 981
8 686
23 928
732 991
174 995
89 499
308 835
176 736
148 707
215 732
666 1000
76 581
252 799
64 457
647 969
273 842
139 923
28 561
253 760
130 594
411 875
23 628
108 549
44 480
23 293
44 424
218 801
340 883
43 830
133 720
20 422
605 959
193 736
382 857
620 977
209 722
54 438
113 960
222 710
128 701
267 821
331 977
29 312
610 965
105 744
213 850
42 587
139 636
249 758
2 96
81 551
371 845
308 971
302 800
109 553
114 564
70 468
105 990
103 973
357 946
21 572
172 695
311 914
215 853
218 726
465 905
69 757
19 295
70 756
70 569
343 943
553 944
331 823
375 918
333 868
100 745
6 187
687 979
43 555
68 505
341 908
49 710
359 886
60 441
113 713
33 662
400 975
298 911
355 844
499 986
181 714
55 592
117 994
66 945
199 754
7 447
720 986
510 959
210 930
601 957
3 890
244 786
663 973
5 143
109 550
268 844
32 433
258 786
775 989
271 786
235 835
358 841
488 941
301 800
529 925
68 603
194 705
39 359
451 890
135 985
391 901
11 406
263 786
57 525
555 939
518 930
128 842
231 995
897 995
132 910
126 569
168 854
282 790
325 828
63 668
471 900
757 984
140 755
114 559
394 887
63 676
7 557
569 946
5 184
737 983
36 335
268 797
1 57
11 863
318 812
278 872
91 523
420 946
541 932
282 933
195 910
327 818
401 869
122 683
403 937
231 738
239 746
395 867
158 675
274 776
671 981
601 995
39 563
10 956
623 977
424 878
222 737
28 588
89 896
691 993
15 671
463 931
65 435
278 871
335 865
555 987
288 853
23 539
762 984
27 348
197 945
525 961
2 479
420 979
213 921
415 953
102 612
15 335
54 430
1 91
15 397
25 298
5 413
754 986
229 798
162 640
458 917
505 946
972 1000
190 709
394 906
415 906
57 842
183 783
240 750
20 422
100 548
70 524
79 513
356 970
160 815
612 983
329 863
274 808
91 844
93 685
226 967
700 989
45 431
421 967
525 936
360 995
282 809
121 922
640 963
144 604
79 513
478 900
29 965
49 528
301 818
35 700
185 732
154 663
307 802
742 992
1 28
817 991
611 956
673 973
10 186
14 697
111 566
268 831
373 877
268 793
265 960
933 997
217 704
143 797
869 999
555 947
470 898
138 781
171 727
198 724
25 438
69 829
683 969
31 576
238 812
10 878
122 698
577 941
89 536
347 833
40 553
230 765
132 752
83 504
407 895
467 903
96 516
322 843
513 976
786 989
106 548
285 944
748 998
57 424
300 943
108 954
180 674
285 810
394 911
120 572
566 939
443 983
7 845
52 818
6 460
475 919
289 916
2 111
175 735
42 831
143 948
537 973
759 998
5 824
606 955
34 481
136 632
704 989
194 866
469 936
39 369
40 383
398 865
333 837
86 653
81 636
77 489
568 944
50 410
355 958
425 951
749 984
87 787
504 991
183 893
277 908
57 490
8 308
117 814
98 818
58 737
464 991
23 544
508 921
212 782
93 750
49 400
728 980
135 597
493 947
521 927
390 861
149 611
302 940
9 194
98 601
163 920
502 987
205 863
152 827
69 450
571 957
592 967
368 962
262 870
487 955
275 810
190 676
254 954
163 649
511 940
140 610
181 686
563 946
743 983
40 946
488 929
489 950
89 838
72 675
46 391
468 917
399 958
333 869
122 741
265 981
15 996
230 725
795 993
108 547
42 404
57 538
12 706
303 818
254 783
295 810
799 1000
38 613
566 970
80 489
29 405
630 978
222 713
3 128
117 988
2 241
45 370
466 968
6 805
129 584
302 805
65 903
81 797
19 289
138 815
52 643
397 908
48 391
335 846
44 755
3 240
198 703
289 792
443 986
203 887
68 714
123 582
564 959
15 459
367 902
62 444
7 190
17 267
86 651
81 655
362 938
26 484
360 935
832 992
453 912
47 402
8 235
29 720
281 859
115 570
12 235
267 898
17 422
179 750
20 311
425 877
311 811
24 876
25 434
245 755
285 939
128 579
36 996
105 997
218 868
141 697
84 481
16 730
274 836
24 658
710 985
87 825
530 928
72 606
50 974
97 886
109 728
71 757
252 802
11 340
150 631
57 879
34 447
458 1000
40 404
87 766
109 563
313 824
41 885
468 971
109 652
76 958
715 999
37 431
19 253
315 916
410 913
755 996
703 978
267 831
100 696
153 627
502 936
268 845
694 983
168 691
42 431
626 983
189 720
267 831
91 705
732 998
334 846
298 845
597 955
14 240
23 937
634 965
214 796
384 865
292 835
113 746
35 340
6 167
202 963
78 624
52 400
143 882
183 847
349 835
111 918
47 393
378 942
929 998
722 992
285 859
773 989
96 622
931 999
3 120
578 964
150 617
477 908
214 847
385 849
63 584
37 429
9 279
97 892
188 961
120 699
18 427
237 738
164 694
269 996
796 989
321 891
14 243
258 887
37 734
42 542
191 717
347 910
396 893
263 857
741 981
472 908
710 985
544 932
8 219
123 634
335 848
142 767
43 586
32 532
618 977
591 956
31 584
162 687
572 947
155 781
260 978
318 830
176 856
23 384
302 817
96 534
578 949
416 874
210 772
266 782
28 537
55 807
149 805
376 950
252 987
220 719
55 596
286 855
226 978
148 751
625 963
20 460
77 489
10 859
180 866
790 991
121 635
36 778
302 800
133 608
11 287
41 445
31 324
532 951
81 987
66 563
683 970
410 941
63 529
91 501
30 412
462 895
1 144
11 419
717 999
835 990
640 965
276 797
30 683
231 1000
6 204
414 892
42 394
160 650
60 428
61 785
580 965
65 666
161 868
24 375
23 621
17 441
168 827
274 782
63 751
201 932
25 297
321 830
374 857
104 810
2 150
297 825
262 918
95 962
85 788
644 973
689 979
256 794
27 711
236 814
272 888
317 876
66 957
353 839
285 798
592 964
229 739
574 940
109 549
436 888
524 936
41 694
301 816
203 683
316 811
145 598
266 966
130 592
576 950
49 402
348 865
131 589
2 476
2 163
146 916
28 518
388 883
440 920
952 1000
69 506
114 557
153 947
36 466
28 957
379 888
1 867
403 991
209 787
20 710
170 756
142 686
8 606
10 965
96 672
281 800
348 886
101 561
336 872
388 950
715 996
253 990
561 967
298 896
108 625
24 289
327 854
11 259
378 869
190 678
393 995
100 566
762 986
392 892
622 995
661 971
333 843
61 555
650 964
253 761
31 789
58 433
67 467
483 986
42 538
240 885
268 988
426 950
12 331
359 910
9 420
104 650
255 757
71 458
728 983
230 865
24 321
414 936
741 996
450 903
388 962
282 933
107 829
104 884
51 715
242 972
70 845
258 867
118 941
452 903
368 992
83 527
489 986
556 942
241 794
893 998
67 614
276 992
44 829
12 263
259 759
117 558
29 973
564 966
741 983
8 211
52 445
122 706
24 474
74 478
204 688
176 880
179 758
272 795
280 814
362 886
420 877
231 740
302 960
455 937
23 440
192 894
9 256
8 317
81 520
71 798
497 934
126 693
113 741
778 989
5 176
94 755
232 735
75 636
118 772
136 601
169 862
167 665
